1 8
1 80
1 94
1 111
1 117
2 9
2 32
2 38
2 54
2 57
2 125
3 20
3 49
3 52
3 110
3 389
4 5
4 16
4 23
4 37
4 73
4 107
4 109
4 118
4 125
5 67
5 335
6 109
6 118
7 37
7 76
7 104
7 110
8 70
8 72
8 73
8 86
8 114
9 51
9 80
9 105
10 54
10 74
10 75
10 79
10 112
11 26
11 98
11 122
12 47
12 74
12 119
13 35
14 22
14 47
14 48
14 97
15 32
15 46
15 91
15 99
16 38
16 87
17 52
17 58
17 60
17 66
17 104
17 118
18 35
18 61
18 96
19 53
19 70
19 71
19 72
19 73
19 92
19 111
20 28
20 39
20 48
20 63
20 75
20 84
20 92
20 121
21 54
21 60
21 63
21 77
22 42
22 53
22 97
22 120
22 121
23 53
23 109
24 42
24 49
24 54
24 56
24 63
24 68
24 75
24 76
24 125
25 31
25 33
25 38
25 56
25 106
26 37
26 97
26 125
27 98
27 122
28 35
28 41
28 45
28 53
28 79
28 80
29 30
29 72
29 106
29 957
31 77
31 80
31 88
31 115
32 65
32 69
32 81
32 108
33 61
33 62
33 65
33 84
33 113
33 116
34 35
34 50
34 51
34 113
34 121
35 47
35 88
35 91
35 120
36 71
37 63
37 67
37 70
37 76
37 77
37 109
37 118
37 123
38 44
38 71
38 83
38 115
38 120
38 124
39 47
39 832
40 46
40 118
41 74
42 60
42 72
42 95
43 64
43 85
43 407
44 55
44 119
45 76
45 81
45 89
45 91
45 124
46 79
47 86
47 94
47 119
47 847
48 51
48 145
49 65
49 96
49 105
49 112
50 90
50 96
50 117
51 96
51 103
51 112
51 117
53 61
53 63
53 66
53 114
53 118
54 62
54 67
54 70
54 78
54 114
54 931
55 65
56 65
56 79
56 108
56 117
56 124
57 70
57 118
57 122
57 125
58 118
59 66
59 116
59 118
59 125
60 66
60 77
61 94
62 75
62 81
62 88
62 89
62 105
62 117
63 64
63 73
63 124
63 192
64 81
64 96
65 80
65 83
65 109
66 784
66 896
67 72
67 680
68 91
69 95
69 96
69 124
70 112
71 77
71 95
71 97
73 101
73 125
75 80
75 86
75 87
75 107
77 93
78 80
78 89
78 123
79 88
79 107
79 114
79 459
80 82
80 101
80 102
81 89
81 108
81 122
81 124
82 120
83 120
84 94
84 95
84 124
85 804
86 98
86 122
88 104
88 111
90 109
90 110
91 98
92 116
93 100
94 105
94 107
94 114
95 108
95 121
95 291
96 115
96 117
97 116
98 107
99 100
99 104
100 104
101 108
102 783
103 113
106 111
107 109
107 120
111 116
111 117
113 121
113 123
114 123
117 883
118 900
123 850
126 132
126 222
127 142
127 154
127 157
127 166
127 197
127 202
127 247
128 136
128 140
128 155
128 206
129 152
129 162
129 196
129 199
129 233
129 236
130 141
130 162
130 171
130 173
130 179
130 188
130 239
131 203
131 210
131 220
131 247
132 133
132 145
132 166
132 186
132 188
132 218
132 243
132 247
132 248
132 302
132 523
133 136
133 207
133 228
134 147
134 170
134 176
134 180
134 211
134 247
135 203
136 147
136 159
136 182
136 189
136 223
136 241
137 144
137 163
137 225
137 245
138 155
138 163
138 194
138 210
138 225
138 235
138 244
138 245
139 141
139 163
139 188
139 250
140 157
140 167
140 180
140 184
140 194
140 240
140 249
141 209
141 213
141 229
142 150
142 154
142 185
142 194
143 159
143 177
143 195
143 204
143 210
143 239
143 244
143 250
144 188
144 199
144 229
144 240
144 241
145 194
146 170
146 175
147 187
147 189
147 235
148 153
148 163
148 164
148 204
148 250
149 166
150 171
150 214
150 216
150 219
150 250
152 234
152 237
153 173
153 180
153 188
153 192
153 214
153 249
154 180
154 207
154 209
154 930
155 202
155 217
156 161
156 197
156 208
156 234
157 209
158 172
158 201
158 215
160 189
160 213
161 162
161 164
161 196
161 199
161 201
161 206
161 246
162 186
162 227
162 239
163 174
163 181
163 185
163 232
163 239
164 180
164 186
164 200
164 215
164 233
165 206
165 612
165 906
166 170
166 206
166 224
168 227
168 236
169 186
169 198
170 173
170 226
170 230
170 231
170 236
171 204
171 207
171 240
171 401
171 595
172 179
173 222
173 223
174 184
174 241
175 185
175 196
176 235
177 226
177 237
177 244
178 234
178 243
178 246
179 215
180 197
180 209
181 225
181 243
182 188
182 219
182 220
182 240
183 189
183 208
183 240
184 185
184 223
185 207
185 214
185 229
186 202
186 226
187 203
187 230
188 227
188 236
189 248
189 250
190 197
190 205
190 216
191 199
191 227
191 241
192 196
192 198
192 210
192 220
193 221
193 224
193 233
194 199
194 220
194 233
194 248
197 241
197 243
198 218
198 235
199 220
199 243
200 209
200 249
201 224
201 244
202 203
202 210
203 217
203 230
203 233
203 238
204 730
205 212
205 233
205 247
205 863
206 231
206 241
207 230
207 248
210 232
211 216
211 218
211 242
212 222
212 225
212 399
214 217
214 231
214 234
215 234
216 217
216 218
216 231
217 926
218 220
218 245
219 238
219 246
220 239
221 304
223 234
223 239
223 503
225 243
225 247
226 236
226 239
226 651
228 450
229 696
230 234
230 243
231 247
232 241
232 243
234 236
235 239
236 996
237 753
238 241
238 899
242 696
251 257
251 281
251 371
252 256
252 262
252 274
252 312
252 319
252 349
252 358
253 264
253 265
253 289
253 318
253 368
254 270
254 283
254 302
254 362
255 266
255 290
255 358
256 265
256 283
256 304
256 336
256 373
256 374
257 269
257 291
257 302
257 320
257 328
257 332
257 334
257 357
258 290
258 293
258 327
258 365
259 272
259 278
259 306
259 308
259 312
259 328
259 329
259 336
259 356
259 365
260 266
260 278
260 292
260 342
261 271
261 288
261 303
261 338
261 342
261 351
261 358
261 361
262 264
262 285
262 288
262 290
262 295
262 336
262 337
262 342
262 354
262 357
263 278
263 300
263 342
264 279
264 284
264 286
264 317
264 330
264 360
264 372
265 316
265 333
265 337
265 339
265 342
265 367
265 370
266 328
266 355
266 370
267 351
267 356
267 374
267 933
268 283
268 299
268 319
268 323
268 335
268 346
269 289
269 300
269 370
270 290
270 292
270 325
270 336
270 343
270 346
271 280
271 299
271 310
271 343
271 348
271 374
272 274
273 276
273 297
273 318
273 322
273 325
273 354
273 370
274 298
274 318
275 304
275 311
275 339
275 369
277 281
277 323
278 331
278 367
280 354
281 288
281 299
281 329
281 343
281 349
281 356
281 367
281 375
282 293
282 295
282 306
282 341
283 342
283 362
284 324
284 326
284 329
284 336
284 354
285 299
285 336
285 374
286 293
287 291
287 292
287 295
287 370
288 315
288 324
288 351
288 353
289 303
289 335
289 361
289 373
290 294
290 824
291 297
291 358
292 366
292 368
293 298
293 307
293 349
294 338
294 355
294 365
295 303
295 348
295 352
295 367
295 370
296 315
297 302
297 305
297 308
297 322
297 335
297 377
298 340
298 348
298 373
298 430
299 309
299 351
299 361
299 362
300 323
300 325
300 360
301 327
301 362
302 322
302 329
302 350
302 354
302 389
303 320
303 359
304 318
304 328
304 354
305 313
305 320
305 559
306 351
307 313
307 315
307 340
307 369
308 350
308 360
308 373
308 375
308 495
309 366
309 371
310 320
310 358
312 334
312 337
312 355
312 361
313 361
314 329
314 343
314 347
315 341
315 343
315 358
316 343
316 363
317 366
318 319
318 329
318 334
318 339
318 352
318 364
319 333
319 357
319 361
319 365
320 366
321 349
321 357
321 374
323 346
323 354
323 355
324 328
324 364
324 365
325 333
325 340
325 352
326 336
326 363
327 348
328 340
328 348
329 339
329 364
329 374
330 373
333 345
333 347
333 352
333 762
334 355
334 366
335 342
336 338
336 357
336 368
337 342
337 353
338 347
338 358
338 371
341 356
342 373
343 345
343 346
344 363
344 374
347 359
347 363
349 368
350 374
351 586
352 830
353 357
354 362
354 373
354 374
355 366
355 375
356 723
357 367
363 373
363 707
365 366
371 375
375 657
375 854
376 384
376 406
376 410
376 436
376 449
376 460
376 465
376 475
376 500
377 473
378 411
378 496
379 389
379 404
379 423
379 440
379 480
379 496
380 388
380 413
380 442
380 462
380 467
380 475
380 500
381 382
381 397
381 398
381 440
381 443
381 476
381 498
382 439
382 440
382 468
382 500
383 397
383 402
383 424
383 438
383 441
384 414
384 438
384 442
384 444
384 458
384 460
384 482
385 467
385 468
386 389
386 404
386 457
386 461
386 462
387 404
387 442
387 453
387 481
387 484
387 489
387 498
387 559
388 396
388 447
388 458
388 487
388 500
389 416
389 424
389 457
389 477
390 420
390 471
390 476
390 493
391 398
391 419
391 487
391 490
391 491
392 438
392 451
392 474
393 424
393 459
393 471
394 436
394 457
394 465
394 477
394 485
395 402
395 405
395 426
395 431
395 447
395 465
396 420
396 452
396 461
396 468
397 495
397 499
397 987
398 417
398 423
398 446
398 459
398 493
399 419
400 415
400 418
400 421
400 429
400 458
401 405
401 454
401 481
402 413
402 490
403 414
403 428
403 435
403 444
403 465
403 468
403 483
403 486
404 406
404 444
404 464
404 467
404 471
404 488
405 416
405 431
405 470
405 477
406 423
406 500
407 422
407 433
408 454
408 456
408 476
408 489
409 424
409 455
409 462
410 432
410 442
410 445
410 460
410 462
410 479
410 480
411 454
411 489
412 434
412 435
412 470
413 416
413 454
413 462
413 465
414 423
414 425
414 445
415 440
415 460
415 893
416 465
416 469
417 474
417 485
418 425
418 500
419 428
420 422
420 432
420 454
420 455
420 466
421 432
421 464
422 461
422 467
422 476
422 486
422 488
423 432
423 460
424 449
424 468
425 427
425 433
425 441
425 475
425 489
425 494
426 434
426 445
426 465
426 484
426 485
426 488
426 489
427 436
427 444
427 445
427 446
427 454
427 475
428 452
428 470
428 486
429 463
429 478
429 497
430 482
431 487
431 488
431 496
432 441
432 444
432 446
432 467
432 475
432 484
432 488
432 500
433 440
433 451
433 464
433 493
434 488
435 453
435 483
435 491
435 500
436 440
436 456
436 485
437 448
437 478
438 441
439 452
439 471
439 706
440 459
440 463
440 467
440 468
440 497
441 452
441 500
442 482
442 485
442 491
442 556
443 455
444 454
444 460
444 490
445 454
445 463
445 469
445 491
445 499
446 484
446 499
447 465
447 474
447 491
448 470
448 474
448 496
449 464
449 491
450 463
450 473
450 494
450 496
450 499
451 488
452 496
453 499
454 461
454 464
454 466
455 481
455 493
456 487
456 491
456 494
457 485
459 471
459 500
460 476
460 495
461 477
461 483
462 463
462 482
462 538
463 476
463 902
465 476
465 494
466 476
466 487
467 490
467 498
468 471
468 491
468 500
470 499
471 478
471 482
471 487
472 497
474 487
474 497
474 499
475 490
479 480
479 484
481 499
484 494
493 861
495 993
499 521
499 566
501 539
501 542
501 551
501 555
501 579
502 559
502 572
502 593
502 602
502 603
502 605
502 611
503 505
503 519
503 573
503 575
503 584
503 610
504 621
504 624
504 756
505 510
505 517
505 578
505 587
506 527
506 625
507 528
507 548
508 515
508 603
509 512
509 552
510 523
510 538
510 585
510 597
511 547
511 587
512 531
512 616
513 532
513 561
513 616
514 533
514 609
515 522
515 528
515 534
515 544
516 518
516 526
516 532
516 537
516 613
517 556
517 606
518 522
518 523
518 548
518 571
518 580
518 587
519 521
519 525
519 563
519 567
519 571
520 566
520 578
520 597
521 530
521 553
521 576
521 620
522 523
522 549
522 591
523 594
523 608
523 623
523 625
524 525
524 532
524 563
524 574
524 608
525 535
525 541
525 553
525 575
525 594
525 610
526 539
526 540
526 545
527 538
527 574
527 575
527 579
527 583
528 567
528 575
528 586
528 614
528 769
529 540
529 566
529 810
530 543
530 547
530 569
530 601
531 554
531 569
531 594
531 606
533 544
533 571
533 608
534 541
534 572
534 612
534 622
535 537
536 560
536 592
536 593
536 596
536 613
536 748
537 549
537 581
538 540
538 543
538 560
538 575
538 585
538 594
538 607
538 614
539 581
540 584
541 618
542 582
542 606
542 614
543 557
543 599
543 622
544 579
544 593
544 610
544 622
545 574
545 599
545 604
545 864
546 553
546 561
546 587
546 588
547 554
547 576
547 585
547 620
548 576
548 587
548 618
548 881
549 600
549 619
550 558
550 606
551 601
552 565
552 573
552 592
552 600
552 608
552 615
552 783
553 605
554 566
554 569
554 578
554 583
554 616
555 563
555 590
555 598
555 602
556 560
556 578
557 582
557 616
558 571
558 601
558 604
558 607
559 576
559 896
560 564
560 565
560 591
560 592
561 564
561 581
561 613
562 608
563 593
564 570
564 600
565 569
565 584
565 608
566 586
566 590
566 612
566 616
567 568
567 595
567 608
568 578
568 609
569 602
570 578
570 580
570 586
570 593
570 612
571 589
571 597
572 625
573 617
574 624
574 714
575 590
575 625
576 604
576 614
576 620
576 623
577 593
580 611
580 619
581 611
582 618
583 584
585 589
585 590
585 598
585 612
586 848
587 594
587 600
587 618
588 606
588 622
589 608
589 621
590 593
592 593
593 603
595 624
596 605
596 606
597 601
597 619
598 603
598 619
599 615
599 618
600 609
603 606
604 613
607 611
608 611
608 620
608 621
609 620
610 622
611 621
612 619
614 625
615 617
615 620
622 917
626 631
626 658
626 736
626 738
626 739
627 643
627 668
627 688
627 692
627 741
628 671
628 706
629 635
629 636
629 651
629 665
629 669
629 676
629 701
629 723
629 737
630 708
631 636
631 648
631 672
631 691
631 729
632 725
632 736
633 672
633 696
633 727
633 732
633 733
633 750
634 636
634 638
634 697
634 716
635 648
635 662
635 666
635 667
635 697
635 739
635 740
636 640
636 643
636 679
637 722
637 732
638 679
638 707
638 742
639 645
639 695
639 731
640 698
641 648
641 662
641 728
642 661
642 715
643 654
643 663
643 666
643 689
643 703
643 722
643 742
644 676
644 697
644 715
645 658
645 661
645 674
645 692
645 696
645 729
645 734
646 649
646 650
646 735
646 780
647 657
647 662
647 689
647 700
647 720
647 723
648 686
649 654
649 661
649 681
649 687
649 689
649 742
650 666
650 671
650 735
650 741
651 680
651 686
651 701
651 708
651 709
651 722
652 654
652 719
652 728
653 686
653 692
653 728
653 739
654 668
654 689
654 698
654 705
654 716
655 681
655 683
655 690
655 697
655 713
655 716
655 734
656 667
656 673
656 679
656 714
656 744
656 749
657 701
657 708
657 733
658 670
658 711
658 723
658 726
659 663
659 681
660 671
660 736
660 743
661 681
661 715
662 671
662 688
662 692
662 709
662 740
663 677
663 697
663 727
663 750
664 712
664 732
664 737
664 738
664 740
664 749
665 673
665 702
665 713
665 727
665 739
666 680
666 706
666 737
666 747
667 696
667 710
668 675
668 691
668 736
669 679
669 720
669 735
670 681
670 683
670 711
670 736
671 692
671 738
672 700
672 743
673 681
673 688
673 695
673 715
673 726
673 737
674 708
674 720
674 739
675 678
675 688
675 698
675 725
675 733
675 735
676 695
676 712
676 980
677 723
677 733
678 697
679 727
679 743
679 744
680 689
680 705
681 697
681 730
684 687
684 694
684 696
684 868
685 686
685 715
685 725
685 750
686 744
687 692
687 741
688 738
689 700
690 699
690 719
690 728
691 713
691 728
691 739
691 740
692 706
693 716
693 737
693 749
694 700
694 712
694 737
695 709
695 731
696 738
697 710
698 699
698 740
698 749
698 750
699 703
699 743
700 710
700 716
700 744
703 713
703 714
703 738
703 740
704 708
704 718
704 721
704 741
705 729
706 720
708 745
710 723
711 730
711 738
711 750
712 714
712 721
712 732
712 743
713 724
713 727
715 743
715 744
716 718
716 720
716 736
718 725
719 733
719 736
719 764
720 724
721 723
722 731
722 744
723 727
723 734
724 746
724 748
725 953
726 748
727 749
730 732
731 740
731 812
734 740
734 747
737 748
743 990
752 757
752 795
752 851
753 799
753 800
753 825
753 828
753 868
754 807
754 851
754 857
754 870
755 761
755 762
755 778
755 802
755 818
755 835
755 862
755 864
756 766
756 775
757 761
757 782
757 792
757 793
757 797
757 800
757 814
757 847
757 849
758 769
758 776
758 782
759 827
759 870
760 789
760 792
760 811
760 815
760 820
760 867
760 869
761 766
761 799
761 827
761 860
762 774
762 793
762 795
762 822
762 864
763 784
763 820
763 847
764 805
764 819
764 842
764 852
765 771
765 796
765 826
765 843
765 857
765 872
766 779
766 794
766 807
766 824
767 807
767 821
767 838
767 868
767 870
768 773
768 782
768 787
768 788
768 815
769 862
769 869
770 789
770 810
770 816
770 852
770 865
771 799
772 787
772 813
772 815
772 830
773 831
773 832
773 849
774 860
774 865
775 778
775 782
775 822
775 850
775 851
775 853
775 872
776 804
776 813
776 855
777 778
777 784
777 801
777 822
777 824
777 856
777 859
778 788
778 798
778 827
779 790
779 801
779 829
779 837
779 842
779 864
780 825
780 850
780 861
780 871
780 873
781 784
781 787
781 788
781 789
781 824
781 830
781 865
782 799
782 816
782 836
782 847
783 833
783 866
784 814
784 839
784 851
785 820
785 826
785 871
786 807
786 809
786 836
786 854
787 790
787 814
787 819
787 822
788 799
788 803
789 812
789 848
790 807
790 823
790 849
790 854
790 855
790 865
791 800
791 805
792 853
793 802
793 806
794 861
795 912
796 798
796 805
796 809
796 813
796 833
796 839
796 849
797 799
797 841
798 800
798 855
799 838
800 815
801 824
802 846
802 848
802 873
803 808
803 822
803 838
803 840
803 865
803 869
804 823
804 833
804 851
804 864
805 818
805 858
806 814
806 830
806 849
806 862
807 821
807 823
807 835
809 817
809 874
809 999
810 816
811 816
811 818
811 822
811 864
813 845
814 820
814 823
814 825
815 816
816 853
817 828
818 848
820 828
820 836
820 837
820 858
822 828
822 835
822 840
823 829
823 832
823 833
823 834
823 850
824 843
825 828
825 839
825 871
826 835
826 870
827 840
827 852
828 865
829 837
829 845
829 854
831 849
831 854
831 867
831 875
832 850
832 851
832 852
832 854
832 856
832 863
833 858
835 846
835 866
836 872
837 842
837 855
837 856
840 842
842 856
842 863
843 869
843 874
844 874
848 854
848 862
849 853
850 858
850 862
851 857
852 867
853 868
855 859
855 873
857 867
858 862
860 865
860 869
862 864
866 874
867 874
870 872
871 874
876 937
876 939
876 952
876 961
876 993
877 889
877 914
877 940
877 963
878 911
878 917
878 930
878 951
878 988
878 996
879 882
879 923
879 927
879 942
879 944
879 970
880 912
880 927
880 958
881 938
881 940
882 929
882 934
882 976
882 992
883 927
883 935
883 949
883 994
884 889
884 890
884 917
884 920
884 932
884 943
884 967
884 978
885 888
885 942
885 947
885 985
886 888
886 907
886 910
886 929
886 936
886 947
886 983
886 990
886 998
887 895
887 915
887 916
887 946
888 890
888 933
888 934
888 970
888 986
888 993
889 892
889 909
889 911
889 913
890 936
890 960
890 964
890 970
890 981
891 898
891 966
892 903
892 976
892 996
893 898
893 903
893 918
893 943
894 899
894 934
894 946
894 996
895 938
895 950
895 979
895 984
896 963
896 965
896 984
896 998
897 905
897 920
897 965
898 912
898 915
898 916
898 917
898 923
898 926
898 947
898 990
898 992
899 908
899 911
899 986
899 992
901 936
901 955
901 992
903 906
903 916
903 979
904 913
904 920
904 944
904 989
904 993
905 917
905 969
906 918
906 931
906 933
906 934
906 936
906 973
906 985
906 987
906 991
907 968
907 995
908 942
908 959
909 911
909 925
909 946
909 951
909 955
909 976
909 1000
910 950
910 972
910 974
911 921
911 924
911 961
911 972
911 983
912 926
912 933
912 938
913 925
913 992
913 993
913 996
914 958
914 962
914 998
915 971
916 943
916 956
916 958
916 973
916 987
916 997
917 923
917 954
918 924
918 925
918 978
918 992
918 993
919 935
919 957
919 972
920 946
920 979
920 984
920 990
920 998
921 937
921 948
921 959
922 980
924 928
924 937
924 961
924 969
925 935
925 988
925 989
926 950
926 960
926 966
926 997
927 986
927 988
928 945
929 935
929 937
929 938
929 980
929 994
930 934
930 956
930 974
931 934
931 940
932 937
932 947
932 986
933 971
933 973
933 987
935 941
935 963
935 965
935 976
935 1000
936 946
936 989
937 976
937 980
938 966
938 988
939 991
940 982
940 991
941 965
942 946
942 971
943 949
943 977
944 968
944 992
945 960
945 978
945 983
946 950
947 972
947 980
948 971
948 973
948 977
948 984
949 994
950 970
952 965
952 990
952 993
953 957
953 972
955 959
956 974
956 998
959 973
959 995
960 990
960 993
960 994
961 989
962 998
963 980
965 972
966 975
967 971
967 975
967 990
967 994
969 999
974 999
976 994
976 997
977 994
979 992
980 996
981 982
981 986
982 985
982 988
983 999
984 985
993 998
996 997
