1 6
1 33
1 58
1 67
1 115
1 121
2 51
2 84
2 97
3 47
3 65
4 9
4 19
4 23
4 116
5 6
5 30
5 58
5 96
6 16
6 41
6 63
6 94
7 41
7 45
7 78
7 94
9 19
9 61
9 65
9 79
10 16
10 35
10 74
10 105
10 125
11 43
11 55
11 89
11 104
12 13
12 37
12 93
12 764
12 890
13 72
13 115
13 125
14 17
14 21
14 27
14 41
14 61
14 62
15 27
15 34
15 66
15 106
15 113
16 27
16 39
16 50
16 62
16 65
17 56
17 90
17 99
18 40
18 53
18 64
18 320
19 22
19 34
19 118
20 66
20 104
20 108
21 22
21 28
21 96
21 125
22 32
22 51
22 119
22 468
23 65
23 91
23 753
24 43
24 47
24 49
24 84
24 91
24 966
25 29
25 50
25 71
25 91
25 112
26 36
26 63
26 80
26 89
26 107
27 39
27 54
27 562
28 71
29 56
29 67
29 95
29 118
29 119
29 121
30 45
30 64
30 78
30 98
30 99
30 118
30 122
31 34
31 37
31 68
31 78
31 89
32 41
32 43
32 47
32 59
32 99
32 114
33 38
33 43
33 80
33 92
33 101
33 105
34 42
34 73
34 93
35 63
35 75
35 87
35 107
35 114
36 41
36 79
36 122
37 44
37 62
37 77
37 111
37 114
38 60
38 103
38 111
39 52
39 70
39 486
40 54
40 57
40 73
40 122
41 47
41 56
41 105
41 733
42 67
42 72
42 98
43 59
43 67
43 74
43 99
43 101
43 119
44 55
44 64
44 69
44 90
44 101
44 106
45 48
45 57
45 61
45 79
45 86
45 98
45 101
45 121
46 77
47 68
47 89
48 65
48 86
48 109
48 120
49 61
49 73
49 102
49 121
50 70
51 79
51 102
51 107
52 63
52 71
52 793
53 65
53 69
53 70
53 79
54 87
54 102
55 91
55 97
56 109
57 65
57 69
57 71
57 100
57 102
57 111
58 77
58 86
58 88
58 90
58 104
59 96
60 64
60 71
60 120
61 100
61 105
61 112
61 121
62 79
62 160
63 81
64 88
64 90
64 95
64 107
65 88
65 94
65 181
66 77
66 85
66 90
66 113
67 100
67 109
68 109
68 122
69 71
70 85
70 106
71 98
71 112
72 86
73 402
74 98
74 105
74 106
74 112
74 124
74 437
75 79
77 97
77 109
78 191
79 104
81 91
81 102
81 114
81 120
81 125
82 102
83 85
83 669
84 91
84 462
85 92
85 97
86 107
87 96
89 96
89 108
90 101
91 95
92 123
92 124
93 117
93 677
93 697
94 586
95 97
95 102
95 107
96 290
97 115
98 108
98 428
99 117
100 108
101 104
103 104
103 125
104 106
104 121
104 122
105 116
108 169
111 116
112 120
112 124
113 118
116 120
116 122
118 121
118 123
119 125
119 862
121 415
126 138
126 165
126 206
127 155
127 164
127 202
127 219
127 241
128 138
128 213
128 243
128 517
129 220
129 229
130 152
130 165
130 199
130 209
130 218
130 223
131 146
131 170
131 229
131 231
131 237
131 246
132 197
132 217
132 224
132 245
133 156
133 184
133 190
133 214
133 241
134 154
134 181
134 228
134 229
135 159
135 170
135 176
135 197
135 211
135 218
136 187
136 192
136 243
136 247
137 163
137 205
137 208
137 215
137 218
137 244
137 639
138 171
138 218
138 250
138 906
139 144
139 177
139 194
140 155
140 173
140 200
140 217
140 233
141 144
141 166
141 167
141 183
141 193
141 200
141 222
141 234
141 245
141 714
142 148
142 168
142 171
142 188
142 249
143 185
143 193
143 286
144 183
145 216
146 178
146 195
146 211
146 212
147 160
147 163
147 194
147 229
147 246
148 149
148 158
148 167
148 224
148 243
149 157
149 220
150 237
151 156
151 171
151 187
151 191
151 192
151 240
151 365
152 156
152 213
153 186
153 224
153 396
154 160
154 175
154 180
154 232
154 243
155 209
155 213
155 224
155 247
156 157
156 164
156 175
156 182
156 186
156 209
156 240
156 241
157 167
157 169
157 173
157 190
157 201
157 225
158 206
158 220
158 242
158 249
160 244
160 246
160 480
160 720
161 168
161 169
161 194
161 223
161 229
161 244
162 181
162 188
162 204
162 973
164 223
164 238
164 244
164 246
165 201
166 173
166 244
166 247
167 223
168 187
168 207
169 175
169 183
169 205
169 238
171 201
171 203
171 548
171 776
172 186
174 213
174 230
175 181
175 202
176 183
176 185
176 221
176 230
177 197
177 239
178 223
178 725
179 194
179 197
179 209
179 233
179 245
180 198
180 202
180 203
180 222
181 183
181 316
181 686
182 191
182 221
182 791
183 242
184 189
185 196
185 205
185 249
186 190
186 242
187 191
187 192
187 220
187 231
188 210
188 215
188 652
189 210
189 249
189 675
190 207
190 233
190 243
191 220
192 194
192 247
193 212
194 218
194 233
194 250
195 196
195 206
197 231
197 239
197 243
200 204
200 249
201 207
201 227
204 210
204 228
204 240
206 218
207 213
207 220
207 225
207 260
209 233
209 241
209 247
210 221
210 240
211 238
211 744
212 214
212 241
212 245
212 247
212 248
212 249
213 215
213 219
213 232
213 242
214 226
214 228
214 236
215 221
215 230
215 239
216 327
218 234
218 238
218 241
219 241
220 713
221 248
222 224
222 674
223 246
223 250
226 235
226 250
227 914
228 240
229 232
229 244
233 235
234 236
234 824
236 239
242 244
242 249
242 440
251 257
251 269
251 272
251 323
251 341
252 286
252 314
252 330
252 335
252 350
252 353
253 282
253 366
254 298
254 301
254 312
254 316
254 334
254 344
254 353
254 358
255 284
255 304
255 305
255 317
255 323
255 367
256 263
256 335
256 357
257 277
257 335
257 347
257 819
258 263
258 276
258 279
258 329
258 332
258 339
259 274
259 277
259 281
259 319
259 322
259 324
259 338
259 352
260 262
260 294
260 297
260 322
260 327
260 343
260 372
261 279
261 281
261 288
261 295
261 321
261 354
262 265
262 286
262 295
263 267
263 294
263 316
263 375
264 288
264 315
264 326
265 269
265 272
265 317
265 336
265 356
265 361
266 287
266 350
267 321
267 331
267 339
268 276
268 292
268 296
268 300
268 332
269 300
269 324
270 307
270 324
270 349
270 351
270 370
271 315
271 319
271 323
271 339
271 347
272 311
272 339
272 348
272 363
273 308
274 307
274 327
274 340
275 279
275 372
275 598
276 314
276 341
277 320
277 330
277 331
277 342
278 286
278 287
278 336
278 362
279 315
279 371
280 302
280 319
280 322
280 329
281 362
282 327
283 337
283 342
284 299
284 308
284 329
284 347
284 360
284 375
285 286
285 304
285 369
286 313
286 353
287 291
287 319
287 337
288 319
288 370
289 314
289 330
289 359
289 374
290 351
290 362
290 375
291 322
291 355
291 478
292 315
292 324
292 341
292 343
293 303
293 332
293 356
294 335
294 341
296 301
296 325
296 346
297 339
297 357
299 337
299 357
300 326
300 328
300 347
301 311
301 322
301 334
302 312
302 345
302 367
304 353
304 374
305 306
305 348
305 370
306 322
306 338
306 353
306 359
306 367
307 333
307 362
308 315
308 317
308 373
309 347
309 349
309 360
309 366
310 316
310 358
310 368
311 372
311 961
312 316
312 320
312 323
312 334
312 346
313 355
314 315
314 322
314 328
314 339
314 357
315 329
315 362
315 364
316 373
317 334
317 374
318 330
318 347
318 352
318 364
319 323
319 324
319 357
320 368
321 322
321 369
322 344
322 354
322 355
323 334
323 371
323 375
324 347
325 344
325 348
325 354
328 332
329 362
330 337
330 338
330 358
330 366
331 337
331 352
331 354
331 411
332 363
332 368
333 354
335 372
337 341
337 351
337 363
337 926
339 358
339 364
339 375
340 349
340 354
340 363
341 352
341 361
341 363
342 361
342 362
342 596
342 949
343 374
344 347
346 348
348 463
349 618
350 354
351 357
351 361
354 373
360 374
361 938
362 372
362 790
367 369
367 370
376 402
376 413
376 432
376 433
376 469
377 390
377 395
377 419
377 480
378 495
380 384
380 403
380 432
380 442
380 491
381 386
381 459
381 491
381 928
382 399
382 403
382 429
382 462
383 439
383 475
383 487
384 395
384 410
384 458
384 468
384 500
385 430
385 491
386 392
386 393
386 402
387 395
387 466
387 472
387 475
387 492
388 400
388 426
388 434
388 460
388 477
388 485
388 490
388 835
389 400
389 447
390 439
390 452
390 454
391 403
391 495
392 401
392 433
392 436
392 483
393 399
393 450
393 484
393 952
394 436
394 467
394 480
394 486
395 451
395 534
396 399
396 406
396 497
396 563
397 399
397 446
397 484
397 498
398 401
398 419
398 424
398 440
398 446
398 456
399 403
399 446
399 457
399 479
399 485
399 491
399 499
400 454
400 465
400 466
400 483
400 495
401 484
402 404
402 407
402 451
402 460
402 466
402 955
403 460
403 468
403 469
404 458
404 464
404 466
405 406
405 419
405 425
405 470
405 485
406 411
406 416
406 451
406 466
406 473
406 476
406 482
406 483
406 487
407 418
407 465
407 494
408 436
408 437
408 438
408 452
408 475
409 412
409 429
409 470
409 471
409 485
409 487
411 496
412 416
412 424
412 434
412 459
412 481
412 482
413 421
413 463
413 568
413 870
414 464
414 478
415 418
415 437
415 449
415 452
416 417
416 439
417 419
417 435
417 492
418 455
418 484
419 468
419 469
419 493
419 859
420 445
420 498
421 423
421 430
422 428
422 459
422 491
423 452
424 435
424 441
424 456
425 437
425 462
425 465
425 478
425 482
425 498
425 965
426 438
426 439
426 453
426 922
427 437
427 439
427 453
427 459
427 460
427 472
427 483
428 451
429 443
429 448
429 471
429 477
430 446
430 470
430 474
431 437
431 453
432 460
433 437
433 440
433 459
433 488
434 445
434 464
434 495
435 447
435 461
436 452
436 468
436 472
436 489
438 446
438 460
438 469
438 499
439 440
439 467
439 470
439 485
439 489
440 459
440 478
441 448
441 492
442 445
442 459
442 466
442 500
443 499
444 448
444 491
445 451
445 454
445 457
445 473
445 496
446 468
446 478
447 475
447 488
447 494
448 467
448 468
448 475
448 500
449 482
450 494
452 479
452 490
453 485
453 741
454 460
454 468
454 494
455 498
456 479
457 472
458 479
458 488
458 498
460 461
460 470
460 473
460 489
461 463
462 463
462 471
462 480
462 496
463 482
463 490
463 494
463 500
464 479
464 486
464 495
465 468
465 478
466 468
466 472
466 478
466 494
467 495
468 498
469 485
469 527
472 484
472 497
473 475
473 485
473 498
474 488
475 478
475 486
475 494
477 484
478 489
478 500
479 481
481 763
483 495
486 496
487 861
491 496
494 500
494 596
496 498
496 500
498 981
501 505
501 537
501 541
501 556
501 584
502 504
502 505
502 615
503 564
503 583
503 620
504 513
504 570
504 605
505 506
505 581
506 521
506 522
506 545
506 554
506 557
506 597
506 607
506 619
507 514
507 553
507 565
507 571
507 584
508 510
508 516
508 534
508 538
508 600
509 609
509 616
510 560
510 605
511 522
511 527
511 533
511 562
511 596
512 539
512 542
512 544
512 547
512 548
512 597
512 605
512 612
513 515
513 546
513 550
513 558
513 603
513 612
514 583
514 586
514 598
515 536
515 562
515 602
515 609
516 615
517 519
517 527
517 528
517 530
517 531
517 573
517 603
518 521
518 565
518 754
519 538
519 565
519 619
520 539
520 564
520 567
520 606
521 543
521 557
521 579
521 597
521 602
521 609
521 614
522 544
522 563
522 572
522 584
523 578
523 603
525 625
526 547
526 553
526 565
526 579
526 600
527 564
527 582
527 585
528 563
529 550
529 552
529 562
530 586
531 551
531 570
531 584
531 599
531 603
531 615
532 534
532 538
532 559
532 596
532 608
533 557
533 558
534 543
534 563
534 575
534 583
534 612
535 539
535 588
535 612
536 583
536 593
536 621
537 543
537 547
537 549
537 552
537 553
537 567
537 594
538 543
539 548
539 594
539 624
540 554
540 555
540 583
540 603
540 623
541 553
541 554
541 571
541 607
541 869
542 556
542 581
542 592
542 611
542 614
543 547
543 594
543 599
543 616
544 567
544 570
544 591
544 604
544 889
546 547
546 573
546 619
547 568
547 577
547 595
547 610
548 549
548 578
548 586
548 617
549 560
549 567
549 600
551 555
551 589
551 618
552 622
553 563
553 572
554 579
554 587
554 592
554 615
554 620
554 622
555 570
555 571
555 611
556 559
556 589
556 590
557 579
557 583
557 585
557 590
557 601
557 619
558 582
558 597
561 571
562 587
562 609
562 613
564 595
565 575
565 597
566 595
566 615
567 593
567 619
569 582
569 588
569 621
571 612
572 573
573 609
573 617
575 594
575 610
575 619
578 586
579 601
580 614
581 589
581 590
582 583
583 587
583 593
584 585
584 607
584 875
585 593
585 596
585 614
585 619
585 625
586 592
586 596
586 598
586 599
586 613
588 613
589 599
589 609
589 621
590 593
590 596
591 604
592 603
592 617
595 624
596 616
596 622
598 612
601 622
601 624
603 613
603 626
605 612
606 617
606 735
607 613
607 615
608 624
610 614
610 621
616 623
619 625
626 643
626 651
626 671
626 692
627 652
627 731
628 650
628 674
628 684
628 696
628 714
629 640
629 659
629 716
629 722
630 685
630 686
630 698
630 722
630 744
631 636
631 716
632 660
632 662
632 671
632 674
632 716
633 654
633 672
633 682
633 687
633 710
634 638
634 734
635 670
635 676
635 695
635 710
636 642
636 649
636 667
636 671
637 644
637 660
637 664
637 702
637 715
637 724
637 748
638 650
638 666
638 715
639 671
639 692
639 696
639 738
640 678
640 704
640 714
640 726
640 746
640 748
640 892
641 664
641 730
641 737
641 740
642 658
642 668
642 677
642 717
642 735
642 748
643 658
643 695
643 716
643 721
643 732
644 669
644 686
644 713
645 646
646 744
647 656
647 676
647 716
647 717
647 718
647 732
647 737
648 656
648 706
648 743
649 655
649 667
649 721
649 724
649 734
650 651
650 747
651 655
651 697
651 733
651 745
652 659
652 671
652 676
652 684
652 705
652 707
652 712
653 657
653 659
653 716
653 745
654 678
654 693
654 732
655 697
655 702
655 704
655 725
656 677
656 696
656 716
656 717
656 736
656 741
656 746
656 750
657 714
658 683
658 689
658 696
658 730
659 685
659 710
660 663
660 665
660 687
660 712
660 736
661 667
661 724
661 730
662 687
662 689
662 690
662 710
663 668
663 680
663 724
663 726
664 675
664 749
665 677
665 704
666 688
666 693
666 743
666 748
666 841
667 679
667 693
667 717
668 670
668 713
668 731
669 720
669 727
669 728
670 682
670 692
671 740
671 744
672 676
672 734
672 738
673 677
673 696
673 717
673 733
673 745
674 693
674 701
674 733
674 737
675 710
675 717
675 740
676 708
676 711
676 730
676 747
676 987
677 728
678 693
678 694
678 715
678 727
678 730
678 838
679 700
679 707
679 722
679 725
680 721
681 704
681 738
681 742
681 748
681 948
682 738
683 741
683 748
684 687
684 724
685 692
685 709
685 718
685 738
685 743
685 745
686 688
686 696
687 745
688 703
688 707
688 738
689 691
689 695
689 729
689 735
690 737
690 748
691 700
691 743
692 729
693 718
693 725
693 735
694 738
696 710
696 745
697 704
697 715
697 723
698 717
698 721
699 702
699 730
700 703
700 717
700 719
700 732
701 738
702 748
703 747
705 706
705 709
705 717
705 747
706 746
707 708
707 713
707 730
707 739
708 741
708 742
711 738
713 724
713 730
713 736
714 715
714 741
714 743
714 746
715 735
715 736
715 742
715 747
716 747
717 719
719 736
719 746
720 732
722 737
722 740
723 745
725 745
726 743
727 741
728 741
728 742
728 744
728 749
730 748
731 733
734 744
735 742
736 739
742 748
743 745
743 748
746 783
751 765
751 787
751 796
751 814
751 823
751 843
751 871
751 924
752 784
752 792
752 844
753 822
753 825
753 836
753 850
753 860
753 862
753 863
754 795
754 847
754 872
755 775
755 865
756 789
756 840
756 843
756 849
756 867
757 805
757 845
758 784
758 787
758 790
758 799
758 819
758 838
758 839
758 844
758 861
759 763
759 827
759 858
759 862
760 763
760 782
760 792
760 794
760 828
760 839
760 849
761 815
761 830
761 834
761 867
762 764
762 797
762 798
762 833
762 834
762 838
762 850
762 860
763 799
763 800
763 831
763 851
763 868
763 870
764 765
764 786
764 801
764 847
764 864
765 776
765 805
765 838
765 855
766 782
766 791
766 804
766 806
766 816
766 822
766 831
766 849
767 776
767 817
767 819
767 840
767 849
767 851
767 875
768 774
768 780
768 815
768 860
769 779
769 780
769 788
769 803
769 830
769 845
769 867
769 875
770 775
770 782
770 794
770 817
770 821
770 854
771 778
771 782
771 811
772 811
772 823
772 851
772 868
773 847
774 779
774 872
774 875
775 792
775 804
775 807
775 830
775 834
775 839
775 840
775 857
776 790
776 830
776 836
776 847
777 810
777 814
777 853
778 795
778 806
778 835
778 843
778 860
778 866
779 784
779 789
779 803
780 813
780 851
780 867
780 875
781 793
781 798
781 804
781 820
781 873
782 824
782 838
782 871
782 872
783 804
783 808
783 821
783 825
783 829
784 799
784 808
784 853
785 839
785 843
785 845
785 850
786 823
786 832
787 792
787 799
787 814
787 828
787 859
788 802
788 803
788 816
788 826
788 860
788 865
789 814
789 833
789 857
789 860
789 861
789 862
790 792
790 808
790 816
790 818
790 824
790 873
791 800
791 858
792 817
792 818
792 820
792 840
792 848
792 865
792 872
792 873
792 875
793 807
793 812
793 813
793 852
794 809
794 834
794 843
794 864
795 807
796 801
796 817
796 831
796 850
796 872
797 801
797 803
797 839
797 850
800 822
800 827
800 834
800 844
800 874
801 812
801 829
801 839
801 846
801 855
801 861
801 864
801 868
802 828
802 846
803 818
803 868
803 873
804 854
804 863
805 853
806 818
807 829
808 827
809 835
809 874
810 814
810 820
810 825
811 838
811 839
811 894
812 819
813 814
813 832
813 862
814 825
814 862
815 831
815 846
816 832
816 834
817 823
817 842
817 865
818 842
818 845
818 852
818 856
819 824
819 854
820 856
820 883
821 847
822 823
822 835
822 847
822 848
822 873
823 829
823 858
823 862
823 872
824 826
824 849
824 870
825 846
825 861
827 837
827 860
828 866
829 864
829 866
830 873
831 848
831 874
832 845
832 855
835 865
836 864
836 871
837 862
838 874
839 843
839 988
840 844
841 850
842 846
842 866
842 872
843 873
844 868
845 856
845 857
845 872
847 848
847 854
847 865
848 866
849 863
849 866
851 854
851 857
851 862
851 863
852 874
853 862
853 863
854 860
858 861
861 871
863 869
866 873
868 869
876 897
876 903
876 945
877 880
877 894
877 897
877 908
877 938
877 967
877 989
878 894
878 904
878 939
878 962
878 980
878 981
879 903
879 911
879 950
880 899
880 913
880 936
880 941
880 959
881 890
881 896
881 902
881 927
881 951
881 961
881 964
881 965
882 891
882 925
882 945
882 951
882 991
883 928
883 997
884 890
884 894
884 906
884 994
885 976
885 986
885 990
885 1000
886 914
886 972
887 892
887 895
887 943
887 985
888 971
888 977
888 986
888 993
888 998
889 898
889 953
889 956
889 963
889 965
889 995
890 952
890 975
890 990
891 918
891 935
891 984
891 990
892 936
892 976
893 932
894 914
894 922
894 931
894 951
894 959
895 896
895 915
895 950
895 953
895 973
895 1000
896 903
896 930
896 944
896 969
896 970
896 971
896 981
897 898
897 914
897 941
897 953
897 977
897 988
898 920
898 924
898 978
899 906
899 918
899 930
899 961
899 998
900 903
900 906
900 982
901 998
902 906
902 935
902 954
902 965
903 928
903 973
904 969
904 981
905 908
905 917
905 928
905 931
905 976
905 984
906 921
907 920
907 924
907 957
907 985
907 996
908 932
908 992
909 912
909 930
909 944
909 946
909 956
909 992
910 925
910 930
910 941
910 954
910 956
911 996
912 913
912 965
912 988
913 935
913 940
913 988
914 942
914 965
915 918
915 930
915 935
915 958
915 985
915 996
916 946
916 984
917 923
917 937
917 951
917 970
918 972
918 980
918 987
919 945
920 954
921 934
921 938
922 928
922 944
922 970
922 987
923 948
923 961
923 963
923 982
923 984
924 934
924 963
924 988
926 978
927 992
928 938
928 950
928 967
929 950
929 989
929 991
930 938
930 995
931 945
932 967
932 994
933 946
933 951
933 962
933 992
934 967
935 948
935 959
935 964
935 996
936 951
936 957
936 958
936 964
936 970
937 955
937 979
937 989
937 993
939 940
939 952
939 964
939 969
939 993
939 995
940 964
941 957
941 998
942 990
943 998
944 947
944 956
944 961
944 977
946 950
946 972
947 964
949 952
949 986
949 991
950 954
950 980
950 994
951 984
952 967
953 957
953 962
953 980
953 985
953 999
954 958
954 982
954 997
955 968
955 986
957 995
958 999
959 977
959 979
961 973
962 976
964 980
965 981
965 992
966 973
966 990
966 994
967 987
967 997
968 997
969 979
971 976
971 987
972 990
973 981
973 984
975 977
975 978
975 979
975 996
977 987
977 1000
978 997
981 990
981 995
981 999
983 996
984 991
984 998
984 1000
986 998
988 994
