1 10
1 49
1 58
1 60
1 88
1 93
1 95
1 96
1 125
1 335
2 48
2 64
2 74
2 76
2 78
2 100
3 11
3 27
3 33
3 43
3 68
3 80
3 92
3 98
3 109
3 114
3 125
3 452
4 15
4 69
4 73
4 75
4 78
4 89
5 20
5 32
5 33
5 43
5 53
5 70
5 72
5 89
5 91
5 99
5 107
5 108
5 110
5 112
6 27
6 33
6 64
6 68
6 76
6 94
6 100
6 121
7 19
7 23
7 81
7 91
7 105
7 108
7 121
7 123
8 33
8 44
8 62
8 79
8 84
8 87
8 98
8 122
8 125
9 13
9 25
9 33
9 43
9 64
9 71
9 74
9 124
10 20
10 59
10 79
10 102
10 104
10 113
10 114
10 119
10 527
11 49
11 67
11 70
11 77
11 87
11 101
11 106
11 121
11 297
12 41
12 50
12 56
12 89
12 95
12 124
12 677
12 786
12 895
13 14
13 20
13 26
13 27
13 29
13 40
13 44
13 55
13 91
13 113
13 117
14 63
14 70
14 72
14 80
14 106
14 117
15 24
15 40
15 45
15 106
15 123
15 467
15 793
16 20
16 28
16 60
16 65
16 68
16 71
16 91
16 95
16 110
16 118
17 18
17 44
17 69
17 85
17 88
17 100
17 101
17 107
17 121
18 27
18 40
18 41
18 64
18 105
18 124
19 25
19 32
19 69
19 76
19 78
19 93
19 104
19 112
19 116
20 24
20 34
20 39
20 49
20 62
20 66
20 77
20 80
20 85
20 94
20 101
20 105
20 107
20 119
21 35
21 40
21 45
21 46
21 65
21 76
21 81
21 95
21 101
21 109
21 117
22 27
22 32
22 60
22 89
22 91
22 92
22 98
22 101
23 26
23 30
23 37
23 39
23 61
23 97
23 105
23 113
23 124
24 45
24 69
24 88
24 91
24 101
24 102
24 104
24 110
24 116
24 120
24 122
25 50
25 61
25 67
25 73
25 78
25 96
25 121
26 30
26 45
26 73
26 88
26 92
26 99
26 116
26 855
27 47
27 59
27 78
27 123
28 68
28 70
28 80
28 99
28 107
28 116
28 117
28 305
29 37
29 42
29 66
29 80
29 81
29 111
29 124
30 48
30 52
30 55
30 64
30 74
30 102
30 933
31 32
31 71
31 105
31 120
32 34
32 36
32 71
32 88
32 101
33 56
33 90
33 98
33 111
33 119
34 48
34 52
34 86
34 105
34 119
34 120
34 241
35 43
35 44
35 52
35 73
35 79
35 86
35 90
35 92
35 96
35 100
35 108
35 116
35 122
35 125
36 37
36 44
36 58
36 114
36 118
36 120
37 55
37 61
37 65
37 107
37 120
38 39
38 43
38 47
38 57
38 63
38 87
38 95
38 115
38 433
39 42
39 62
39 72
39 75
39 84
39 88
39 103
39 114
39 116
40 59
40 61
40 76
40 84
40 121
41 45
41 56
41 95
41 107
41 122
42 49
42 50
42 53
42 60
42 68
42 77
42 82
42 85
43 44
43 68
43 69
43 73
43 81
43 85
43 104
43 109
44 67
44 77
44 85
44 122
45 51
45 52
45 60
45 101
45 110
46 66
46 102
47 101
47 116
47 754
47 881
48 58
48 69
48 77
48 87
48 98
48 110
48 113
49 54
49 82
49 85
49 86
49 94
50 61
50 102
50 103
50 110
50 122
51 58
51 80
51 84
51 116
51 122
52 55
52 59
52 66
52 67
52 74
52 75
52 81
52 90
52 109
52 116
53 54
53 61
53 65
53 100
53 110
53 123
54 59
54 80
54 81
54 104
54 740
55 64
55 76
55 81
55 100
55 104
56 89
56 91
56 446
57 68
57 73
57 82
57 87
58 61
58 62
58 65
58 80
58 94
58 112
58 125
59 76
59 82
59 83
59 88
59 103
59 107
59 124
60 69
60 76
60 80
60 108
60 109
60 116
60 122
60 123
60 702
61 79
61 86
61 112
61 116
61 197
62 65
62 68
62 87
62 89
62 106
63 86
63 94
63 110
63 115
63 125
63 697
64 97
64 102
64 120
64 125
64 412
65 85
65 106
65 109
65 118
65 125
65 887
66 106
66 110
66 112
66 114
66 117
67 68
67 69
67 72
67 74
67 77
67 107
67 109
68 71
68 77
68 94
68 114
68 191
69 84
69 107
69 112
69 897
70 80
70 92
70 97
70 98
70 103
70 104
70 110
70 114
70 120
70 121
71 84
71 110
71 116
72 83
72 93
72 120
73 101
73 115
73 124
73 140
74 80
74 98
74 100
74 104
74 107
74 117
74 118
75 84
75 96
75 98
75 117
76 77
76 102
76 123
77 88
77 93
77 105
77 113
77 720
78 99
78 119
79 112
79 124
79 741
80 85
80 98
80 101
80 102
80 108
80 124
81 89
81 113
81 121
81 124
82 86
82 92
82 93
82 122
83 87
83 100
83 103
83 105
83 107
83 125
84 97
84 98
84 106
84 110
84 122
85 89
85 90
85 93
85 99
85 113
85 118
85 191
86 87
86 991
88 817
89 120
90 95
90 106
90 113
91 94
91 110
91 112
91 119
91 123
92 110
93 98
93 108
93 112
93 481
94 99
94 122
94 549
95 801
96 99
97 122
97 125
97 308
98 123
99 117
100 235
102 107
102 119
102 125
103 106
103 117
104 106
104 532
105 115
106 717
107 112
110 115
110 195
111 113
111 981
112 173
112 698
113 114
114 119
114 735
114 987
115 118
115 120
117 119
119 124
121 124
126 128
126 129
126 147
126 162
126 185
126 197
126 208
126 222
126 250
126 488
127 146
127 148
127 189
127 194
127 210
127 219
127 222
127 224
127 235
127 236
127 238
127 250
128 133
128 161
128 169
128 173
128 202
128 218
128 227
128 234
128 235
128 236
128 243
128 796
129 135
129 146
129 179
129 189
129 222
129 231
129 240
129 247
129 250
130 137
130 161
130 181
130 193
130 219
130 234
131 144
131 147
131 155
131 175
131 193
132 135
132 139
132 148
132 151
132 157
132 164
132 176
132 195
132 203
132 208
132 241
132 248
133 149
133 157
133 158
133 160
133 163
133 183
133 195
133 198
133 204
133 206
133 210
133 227
133 243
134 152
134 163
134 166
134 182
134 193
134 196
134 200
134 213
134 225
134 236
134 241
135 144
135 146
135 159
135 181
135 185
135 209
135 211
135 214
135 217
135 248
135 799
135 965
136 148
136 150
136 193
136 200
136 202
136 211
136 246
136 249
136 300
137 161
137 174
137 188
137 190
137 204
137 206
137 222
137 238
137 244
138 146
138 155
138 165
138 173
138 181
138 182
138 189
138 202
138 204
138 214
138 223
138 228
138 239
138 241
138 244
139 153
139 183
139 186
139 201
139 217
139 219
139 221
139 226
139 236
139 246
140 169
140 170
140 181
140 188
140 190
140 195
140 201
140 210
140 220
141 153
141 157
141 169
141 173
141 210
141 213
141 214
141 248
142 148
142 152
142 163
142 171
142 188
142 193
142 202
142 213
142 221
142 234
142 237
142 250
142 941
143 145
143 178
143 183
143 205
143 208
143 213
143 218
143 219
143 633
144 159
144 163
144 170
144 178
144 198
144 241
144 248
145 156
145 166
145 181
145 190
145 214
145 216
145 226
145 231
145 245
146 206
146 243
146 250
147 154
147 155
147 175
147 177
147 179
147 203
147 206
147 223
147 224
147 229
147 246
148 151
148 153
148 169
148 170
148 178
148 188
148 194
148 197
148 202
148 211
149 179
149 231
149 247
150 176
150 180
150 187
150 223
150 228
150 229
150 250
151 156
151 164
151 165
151 167
151 186
151 195
151 204
151 205
151 217
151 227
152 157
152 183
152 186
152 194
152 212
152 214
152 218
152 236
152 242
153 170
153 198
153 206
153 207
153 219
153 223
153 235
153 242
153 431
154 157
154 210
154 223
154 237
154 242
154 244
155 161
155 180
155 197
155 202
155 214
155 221
155 224
156 170
156 185
156 189
156 196
156 202
156 203
156 215
156 216
156 227
156 249
156 382
156 445
157 200
157 227
157 233
157 246
157 292
157 932
158 182
158 183
158 185
158 189
158 190
158 195
158 196
158 208
159 170
159 211
159 213
159 239
159 247
159 422
160 162
160 167
160 182
160 197
160 205
160 209
160 242
160 243
160 244
161 167
161 169
161 204
161 213
161 217
161 219
161 230
161 250
162 166
162 170
162 178
162 189
162 212
162 218
162 219
162 233
163 164
163 166
163 169
163 172
163 184
163 194
163 200
163 206
163 213
163 215
163 245
163 500
164 194
164 196
164 211
164 213
165 175
165 180
165 205
165 211
165 216
165 230
165 234
166 177
166 178
166 197
166 209
166 213
166 214
166 215
166 242
166 248
166 534
167 172
167 173
167 186
167 208
167 215
167 222
167 223
167 233
168 171
168 176
168 180
168 187
168 194
168 225
169 178
169 194
169 197
170 184
170 190
170 195
170 205
170 208
170 212
170 234
170 244
171 174
171 181
171 195
171 204
171 211
171 225
171 244
172 187
172 189
172 198
172 202
172 210
172 217
172 227
172 228
172 771
173 184
173 185
173 198
173 234
173 235
174 177
174 191
174 217
174 228
174 233
174 806
175 184
175 187
175 203
175 205
175 212
175 215
175 223
175 248
176 184
176 207
176 227
176 237
176 244
176 247
177 179
177 183
177 195
177 221
177 237
178 181
178 188
178 195
178 198
178 202
178 237
179 202
179 203
179 235
180 218
180 220
180 229
180 233
180 235
181 194
181 217
181 242
181 560
182 189
182 206
182 212
182 231
182 244
182 643
183 211
183 213
183 239
183 248
184 195
184 212
184 213
184 231
184 239
185 210
185 222
185 234
185 236
185 242
186 220
186 226
186 237
186 239
186 671
187 196
187 209
187 216
187 222
187 233
187 245
187 336
188 207
188 237
189 191
189 199
189 206
189 208
189 219
189 225
189 228
189 233
190 203
190 208
190 210
190 211
190 220
190 221
190 232
190 239
190 591
191 199
191 224
191 226
191 232
191 243
191 246
192 194
192 206
192 221
192 227
192 234
192 239
192 240
192 242
193 198
193 203
193 214
193 216
193 218
193 223
193 240
193 241
193 243
193 245
193 696
194 230
194 249
194 250
194 371
195 198
195 207
195 213
195 218
195 226
195 231
195 235
195 246
196 211
196 215
196 231
196 234
196 241
197 223
197 230
197 744
197 755
198 222
198 229
198 245
199 207
199 213
199 226
199 240
199 247
200 206
201 212
201 216
201 237
201 246
201 784
202 212
202 237
202 244
202 248
202 250
203 220
203 226
203 228
203 237
203 249
204 235
204 241
204 244
204 383
204 885
204 972
205 219
205 235
205 239
205 241
205 245
206 207
206 212
206 249
207 221
207 224
207 230
208 211
208 214
208 244
208 246
209 212
209 215
209 223
210 226
210 227
210 241
210 247
211 212
211 228
211 229
211 237
211 249
211 290
211 461
211 734
212 213
212 224
212 227
212 246
213 228
213 238
213 240
213 248
215 222
215 234
215 241
215 242
216 229
217 221
217 223
217 235
218 223
218 237
218 244
218 246
219 228
219 233
219 237
219 238
220 223
220 241
220 244
220 985
221 233
222 239
222 241
224 232
224 272
225 245
226 247
227 233
227 242
227 248
228 232
228 237
228 238
228 243
229 236
229 240
231 430
232 236
233 234
234 625
236 250
238 241
239 241
239 243
239 245
240 249
241 245
241 725
242 245
243 246
243 247
243 250
244 248
245 246
245 248
245 249
246 910
247 762
248 278
251 259
251 280
251 321
251 330
251 348
251 349
251 362
251 367
252 276
252 291
252 312
252 341
252 352
252 358
252 431
253 259
253 262
253 283
253 294
253 305
253 313
253 331
253 337
253 366
254 258
254 261
254 287
254 293
254 306
254 330
254 346
254 350
254 353
254 366
254 372
254 373
255 258
255 267
255 273
255 278
255 280
255 289
255 315
255 333
255 340
255 346
255 351
255 357
255 375
256 262
256 317
256 350
256 351
256 364
257 258
257 269
257 278
257 296
257 305
257 320
257 331
257 338
257 340
257 368
257 369
257 374
258 291
258 298
258 352
258 355
259 260
259 263
259 266
259 270
259 284
259 286
259 302
259 305
259 310
259 320
259 325
259 353
259 355
259 360
259 365
259 374
260 263
260 276
260 284
260 291
260 295
260 298
260 323
260 326
260 334
260 360
260 375
261 277
261 314
261 317
261 324
261 338
261 348
261 352
262 269
262 278
262 290
262 297
262 298
262 302
262 304
262 306
262 316
262 321
262 346
262 641
262 922
263 292
263 296
263 305
263 308
263 324
263 326
263 327
263 328
263 330
263 343
263 351
263 508
264 278
264 293
264 329
264 341
264 354
264 838
265 304
265 334
265 358
265 522
265 793
266 290
266 291
266 303
266 310
266 312
266 313
266 335
266 337
266 355
266 963
267 279
267 286
267 294
267 298
267 308
267 314
267 328
267 346
267 361
267 365
268 278
268 281
268 285
268 293
268 305
268 307
268 316
268 317
268 322
268 331
268 333
268 346
268 360
268 365
268 366
269 276
269 288
269 290
269 307
269 312
269 318
269 329
269 358
270 316
270 335
270 338
270 339
270 347
270 356
270 358
270 459
271 277
271 281
271 323
271 334
271 343
271 352
271 368
272 274
272 284
272 293
272 311
272 318
272 323
272 327
272 336
272 358
272 418
273 284
273 285
273 289
273 292
273 302
273 305
273 320
273 340
273 358
273 374
273 375
274 282
274 288
274 289
274 290
274 295
274 303
274 317
274 330
274 354
274 359
274 360
274 365
275 292
275 311
275 312
275 325
275 327
275 342
275 366
275 586
276 292
276 298
276 308
276 312
276 342
276 351
276 375
277 282
277 300
277 332
277 356
277 373
278 327
278 331
278 365
279 290
279 296
279 301
279 309
279 316
279 321
279 324
279 374
280 282
280 286
280 291
280 294
280 334
280 335
280 361
280 362
280 369
280 373
281 288
281 290
281 293
281 305
281 306
281 319
281 329
281 330
281 332
281 336
281 338
281 339
281 353
281 358
281 364
281 367
281 502
281 581
282 290
282 298
282 327
282 344
282 345
282 346
282 348
282 359
282 362
283 287
283 300
283 320
283 343
283 346
284 291
284 294
284 321
284 324
284 326
284 328
284 353
284 367
284 370
285 301
285 310
285 319
285 320
285 344
285 346
285 356
285 358
285 365
286 295
286 310
286 313
286 314
286 333
286 347
286 368
287 308
287 316
287 341
287 343
287 348
288 294
288 304
288 312
288 313
288 314
288 332
288 334
288 342
289 299
289 300
289 352
289 353
289 354
289 355
289 356
289 361
289 371
289 418
290 291
290 292
290 318
290 354
290 356
290 363
290 368
291 302
291 304
291 306
291 309
291 322
291 325
291 332
291 333
291 349
291 355
291 368
291 371
291 889
292 296
292 301
292 332
292 605
293 332
293 338
293 339
293 343
293 345
293 346
293 352
293 355
293 366
293 997
294 303
294 310
294 312
294 325
294 351
294 353
294 364
294 368
295 297
295 303
295 304
295 309
295 323
295 359
295 362
295 365
295 756
296 318
296 326
296 333
296 341
296 364
296 366
297 314
297 316
297 317
297 325
297 338
297 345
297 353
297 360
297 366
297 369
297 373
298 308
298 317
298 319
298 365
299 312
299 322
299 341
300 319
300 320
300 329
300 338
300 349
300 363
301 311
301 316
301 329
301 331
301 339
301 342
301 343
301 350
301 362
301 365
302 308
302 320
302 327
302 346
302 349
302 353
302 776
303 305
303 310
303 769
304 330
304 331
304 335
304 341
304 354
305 310
305 320
305 351
305 375
306 322
306 330
306 360
306 514
307 310
307 330
307 353
307 367
307 374
308 309
308 341
308 374
309 319
309 327
309 350
309 363
310 314
310 328
310 352
310 361
310 370
310 371
311 317
311 326
311 358
311 362
311 609
312 317
312 326
312 327
312 343
312 353
312 359
312 369
313 322
313 340
314 319
314 328
314 349
314 359
314 371
314 763
315 316
315 317
315 324
315 356
315 363
315 950
316 321
316 324
316 340
316 341
316 344
316 351
316 355
316 357
317 327
317 333
317 350
317 356
317 363
317 369
318 320
318 338
318 354
318 357
319 335
319 363
320 336
320 350
320 352
320 370
321 328
321 356
321 366
321 370
322 337
322 343
322 359
323 359
323 360
323 364
323 367
323 429
323 805
324 328
324 351
324 642
325 335
325 337
325 339
325 348
325 351
325 368
325 369
325 416
326 372
327 329
327 354
327 372
328 347
328 355
328 356
328 357
328 364
328 365
329 357
329 373
330 336
330 369
331 368
331 952
332 334
332 365
332 374
333 335
333 341
333 344
334 349
334 367
335 354
335 356
336 344
336 365
336 511
337 340
337 371
338 341
338 351
338 361
338 363
338 364
338 799
339 353
340 345
340 360
340 373
341 351
341 352
341 639
342 344
343 350
344 358
344 370
344 978
345 371
346 352
346 366
346 492
348 353
348 357
349 351
349 357
349 434
350 374
351 360
351 366
353 372
354 363
354 364
354 372
355 363
355 367
356 360
356 367
356 592
357 373
358 359
358 370
358 487
359 366
359 373
360 374
361 362
363 956
364 425
364 747
365 366
365 375
366 375
367 368
367 593
368 374
369 370
369 373
370 374
370 515
371 842
376 379
376 388
376 391
376 398
376 410
376 421
376 438
376 457
376 464
376 470
376 475
376 490
376 492
377 380
377 385
377 386
377 400
377 404
377 413
377 421
377 432
377 459
377 496
377 874
378 379
378 382
378 424
378 446
378 453
378 474
378 484
378 498
379 392
379 398
379 406
379 423
379 432
379 434
379 449
379 450
379 481
380 403
380 406
380 415
380 431
380 432
380 458
380 459
380 461
380 463
380 486
380 489
380 490
380 498
381 388
381 391
381 400
381 406
381 412
381 413
381 430
381 437
381 472
381 473
382 383
382 387
382 390
382 401
382 410
382 432
382 433
382 443
382 455
382 458
382 459
382 466
382 488
382 495
382 497
383 384
383 398
383 416
383 450
383 456
383 468
384 386
384 400
384 402
384 406
384 428
384 434
384 452
384 473
384 474
384 487
384 496
385 394
385 432
385 438
385 442
385 459
385 462
385 876
386 390
386 391
386 398
386 418
386 423
386 428
386 436
386 439
386 448
386 462
386 476
386 481
387 391
387 407
387 411
387 428
387 430
387 446
387 459
387 461
387 464
387 472
387 473
388 400
388 416
388 421
388 425
388 430
388 462
388 493
388 497
389 402
389 407
389 448
389 454
389 464
390 402
390 403
390 405
390 411
390 412
390 445
390 446
390 463
391 427
391 434
391 446
391 463
391 500
392 408
392 437
392 438
392 460
392 475
392 491
392 495
392 496
392 499
393 423
393 447
393 458
393 465
393 466
393 483
393 484
394 409
394 416
394 421
394 441
394 460
394 491
395 399
395 408
395 427
395 433
395 457
395 459
395 460
395 484
395 488
396 404
396 408
396 415
396 431
396 435
396 439
396 444
396 467
396 468
396 483
396 491
396 893
397 403
397 416
397 428
397 432
397 458
397 481
398 407
398 415
398 423
398 425
398 428
398 431
398 448
398 454
398 488
398 492
398 493
399 401
399 415
399 420
399 438
399 442
399 458
399 460
399 463
399 473
399 477
399 490
399 493
399 494
400 418
400 430
400 458
400 461
400 462
400 952
401 435
401 451
401 491
401 492
401 498
402 417
402 428
402 431
402 456
402 475
403 414
403 432
403 443
403 445
403 450
403 481
403 495
404 405
404 420
404 434
404 466
404 472
404 473
404 863
405 421
405 422
405 423
405 437
405 445
405 456
405 458
405 465
405 466
405 480
405 490
405 491
405 492
406 419
406 449
406 454
406 481
406 489
407 449
407 451
407 462
407 465
407 483
408 435
408 445
408 471
408 500
409 410
409 419
409 422
409 431
409 447
409 450
409 454
409 479
409 483
409 486
410 414
410 442
410 454
410 476
410 500
411 432
411 434
411 442
411 447
411 456
411 464
411 496
412 416
412 423
412 473
413 425
413 441
413 476
414 426
414 438
414 443
414 444
414 467
414 483
414 495
414 500
415 423
415 424
415 438
415 442
415 450
415 455
415 457
415 486
415 495
416 423
416 460
416 470
416 484
416 486
416 496
417 428
417 429
417 436
417 449
417 467
417 481
417 489
418 429
418 430
418 436
418 440
418 460
418 462
418 465
418 469
418 471
418 487
419 428
419 465
419 468
419 471
419 484
419 490
419 498
420 423
420 430
420 457
420 468
420 473
420 480
420 493
421 454
421 464
421 493
421 497
421 499
422 440
422 455
422 463
422 478
422 479
422 486
422 488
423 426
423 446
423 454
423 466
423 467
423 470
423 472
423 479
424 440
424 449
424 457
424 493
424 604
425 428
425 437
425 441
426 451
426 455
426 460
426 472
426 474
426 483
426 485
426 490
426 499
427 428
427 440
427 469
427 492
428 461
428 463
428 466
428 486
428 491
428 495
428 498
428 812
429 460
429 463
429 470
430 432
430 433
430 435
430 440
430 441
430 466
430 470
430 489
431 452
431 455
431 457
431 481
431 492
432 450
432 463
432 494
433 462
433 467
434 496
434 498
434 920
435 450
436 450
436 490
436 492
436 494
437 441
437 443
437 444
437 450
437 460
437 477
437 491
437 496
438 450
438 483
439 447
439 462
439 491
439 492
439 722
440 447
440 460
440 467
440 489
441 456
441 459
441 484
441 485
441 486
441 489
441 491
441 546
441 993
442 461
442 473
442 484
443 451
443 453
443 494
444 462
444 463
444 485
445 449
445 475
445 498
446 458
446 459
446 496
446 499
447 451
447 456
447 470
448 454
448 460
448 465
448 472
448 480
448 482
448 483
448 489
448 497
448 499
449 465
449 500
450 451
450 464
450 494
451 466
451 496
453 477
453 480
453 482
454 463
454 468
454 474
454 500
454 769
455 468
456 459
456 460
456 466
456 483
456 488
456 495
457 458
457 491
457 498
458 475
458 492
459 498
460 465
460 471
460 483
460 487
460 759
461 488
461 493
461 494
462 473
462 476
462 481
462 485
463 472
463 480
463 483
463 484
463 490
463 899
464 465
464 468
464 472
464 473
464 475
464 481
464 486
464 892
465 472
465 486
465 493
467 486
467 489
467 499
468 485
468 487
468 491
468 492
469 498
469 499
470 477
470 490
471 484
472 481
473 478
473 480
473 482
473 486
473 491
474 478
475 484
475 943
477 490
478 491
478 493
478 494
478 498
479 494
479 496
480 483
480 493
480 495
480 500
480 554
481 499
482 485
482 492
482 500
483 495
483 496
484 489
484 499
484 993
486 499
486 725
487 492
487 826
487 930
489 494
489 499
489 762
490 493
490 498
491 492
491 590
492 797
493 499
493 705
494 497
496 498
497 989
499 819
499 909
501 511
501 529
501 540
501 545
501 554
501 560
501 573
501 582
501 587
501 594
501 602
501 615
501 821
502 519
502 520
502 524
502 525
502 526
502 575
502 595
502 602
502 603
503 506
503 526
503 528
503 554
503 574
503 580
503 588
503 594
503 605
503 608
503 617
503 621
503 625
504 505
504 507
504 516
504 549
504 558
504 571
504 572
504 574
504 575
504 579
504 586
504 591
504 612
504 620
505 534
505 555
505 575
505 592
505 596
506 510
506 537
506 539
506 589
506 616
506 734
507 512
507 516
507 517
507 521
507 530
507 539
507 540
507 552
507 581
507 602
507 609
507 610
507 611
508 529
508 531
508 562
508 563
508 572
508 575
508 606
509 551
509 553
509 565
509 566
509 572
509 602
509 615
509 624
510 523
510 528
510 530
510 548
510 574
510 598
510 600
510 624
511 514
511 529
511 536
511 551
511 562
511 567
511 575
511 585
511 587
511 594
511 595
511 600
511 616
512 519
512 536
512 550
512 571
512 587
512 601
512 604
512 622
512 910
513 561
513 575
513 579
513 582
513 599
513 600
513 610
514 526
514 527
514 530
514 531
514 537
514 544
514 561
514 584
514 609
515 534
515 548
515 580
515 582
515 587
515 588
515 605
515 607
516 523
516 526
516 527
516 540
516 544
516 559
516 562
516 571
516 576
516 592
516 602
516 604
516 618
517 522
517 525
517 571
517 591
517 604
517 612
517 619
518 523
518 528
518 543
518 574
518 599
519 524
519 530
519 533
519 553
519 570
519 576
519 618
520 533
520 534
520 536
520 538
520 596
520 612
520 620
521 524
521 526
521 551
521 584
521 586
521 589
521 591
521 606
521 608
521 612
521 614
522 561
522 599
522 605
522 610
523 541
523 556
523 581
523 599
523 601
523 621
524 532
524 535
524 546
524 547
524 562
524 574
524 581
524 583
524 584
524 593
524 601
524 602
524 604
524 615
524 624
525 572
525 608
526 527
526 544
526 557
526 562
526 574
526 582
526 586
526 593
526 597
526 598
526 613
526 618
526 619
526 849
527 538
527 557
527 566
527 586
527 589
527 602
527 603
527 609
528 546
528 557
528 582
528 583
528 591
528 615
529 534
529 535
529 542
529 552
529 565
529 567
530 546
530 566
530 589
530 590
530 600
530 782
530 884
531 537
531 553
531 556
531 568
531 601
531 602
531 621
532 542
532 550
532 564
532 569
532 596
533 539
533 558
533 580
533 595
533 625
534 540
534 554
534 558
534 561
534 582
534 606
535 540
535 544
535 554
535 572
535 581
535 602
535 605
535 609
535 617
536 542
536 543
536 549
536 552
536 562
536 568
536 577
536 602
536 609
536 611
536 621
537 538
537 551
537 584
537 586
537 596
537 597
537 614
538 587
538 589
539 549
539 551
539 555
539 565
539 571
539 587
539 590
539 593
540 541
540 542
540 546
540 575
540 577
540 582
540 607
540 608
540 623
541 549
541 579
541 601
541 605
541 614
542 545
542 571
542 604
542 605
542 611
542 615
542 618
542 625
543 558
543 560
543 569
543 574
543 576
543 606
543 615
543 625
544 565
544 568
544 574
544 576
544 592
544 602
544 605
544 621
544 623
545 558
545 609
546 547
546 557
546 565
546 582
546 610
546 623
547 555
547 556
547 574
547 579
547 586
547 593
548 564
548 576
548 592
548 599
548 606
548 608
548 610
548 612
548 622
548 845
549 552
549 565
549 806
549 866
550 557
550 573
550 603
550 625
551 553
551 555
551 559
551 565
551 579
551 590
551 602
551 607
551 608
551 618
551 621
552 583
552 591
552 618
552 625
552 627
553 555
553 564
553 565
553 580
553 585
553 592
553 593
553 600
553 601
553 605
553 824
554 567
554 590
554 611
554 613
554 625
555 567
555 578
555 580
555 583
555 598
555 619
555 625
556 559
556 565
556 573
556 574
556 577
557 590
557 599
557 649
557 876
558 589
558 591
558 603
558 611
558 623
559 577
559 579
559 603
559 609
559 613
559 625
560 570
560 580
560 594
560 610
561 584
561 599
561 602
561 603
561 622
561 625
563 589
563 617
563 620
564 566
564 583
564 608
564 613
564 623
565 596
566 568
566 594
566 605
567 568
567 581
567 585
567 601
567 602
567 612
567 615
568 579
568 581
569 577
569 600
570 606
571 575
571 582
571 601
571 613
571 614
571 619
571 700
572 576
572 580
572 592
572 596
572 608
572 623
573 590
573 614
573 622
574 577
574 585
574 619
575 581
575 583
575 595
576 620
576 623
576 625
577 584
577 589
577 597
577 618
577 622
578 591
578 603
578 605
579 590
579 591
579 608
579 617
579 619
580 588
580 607
580 611
581 588
581 619
581 621
582 588
582 613
582 615
582 622
583 593
583 613
583 621
585 589
585 613
585 620
585 622
586 587
586 589
586 597
587 597
587 600
587 603
588 593
588 597
588 604
589 608
590 597
590 598
590 623
590 994
591 593
592 617
593 614
594 620
594 622
595 604
595 609
595 615
597 604
597 608
598 602
598 607
598 613
598 617
599 604
599 607
599 609
599 615
599 621
600 604
602 618
602 620
603 625
604 609
604 621
605 609
605 615
605 624
606 608
606 621
606 625
606 794
607 881
607 935
608 617
609 623
609 625
610 616
610 617
611 616
611 622
611 625
613 617
614 617
614 712
615 617
616 618
620 623
621 944
623 950
624 962
626 643
626 664
626 671
626 694
626 741
627 628
627 631
627 651
627 658
627 670
627 672
627 674
627 690
627 691
627 693
627 694
627 701
627 724
627 735
627 744
628 651
628 657
628 660
628 673
628 677
628 683
628 684
628 694
628 706
628 746
628 747
629 634
629 643
629 644
629 652
629 661
629 666
629 689
629 692
629 722
629 750
629 997
630 641
630 649
630 656
630 672
630 682
630 684
630 690
630 716
630 717
630 738
630 748
631 646
631 675
631 699
631 730
631 744
632 638
632 654
632 661
632 667
632 676
632 680
632 700
632 704
632 708
632 713
632 724
633 650
633 658
633 659
633 667
633 672
633 693
633 699
633 707
633 718
633 728
634 637
634 653
634 654
634 689
634 699
634 707
634 710
634 717
634 729
634 741
634 956
635 662
635 671
635 673
635 682
635 686
635 691
635 720
635 723
635 726
635 729
635 730
635 734
635 736
635 868
636 642
636 666
636 669
636 670
636 673
636 692
636 699
636 708
636 750
637 665
637 666
637 684
637 706
637 711
637 724
637 742
637 747
637 750
638 661
638 662
638 666
638 674
638 689
638 698
638 718
638 728
638 741
638 747
639 644
639 648
639 650
639 688
639 699
639 716
639 726
639 744
639 745
639 794
640 645
640 649
640 650
640 660
640 661
640 672
640 680
640 689
640 698
640 701
640 712
640 878
641 661
641 671
641 704
641 741
641 750
642 661
642 673
642 678
642 707
642 710
642 739
643 658
643 676
643 686
643 699
643 704
643 730
644 647
644 648
644 649
644 656
644 657
644 687
644 713
644 721
644 744
645 659
645 678
645 710
645 726
645 737
645 741
645 743
646 659
646 662
646 675
646 677
646 679
646 681
646 707
646 708
646 721
646 723
646 728
646 750
647 651
647 667
647 674
647 681
647 684
647 698
647 700
647 707
647 721
647 735
648 659
648 668
648 675
648 683
648 690
648 696
648 699
648 722
648 727
648 747
649 663
649 711
650 664
650 666
650 679
650 685
650 690
650 709
650 712
650 742
650 743
651 656
651 672
651 686
651 692
651 695
651 705
651 710
651 716
651 731
651 734
652 672
652 676
652 681
652 704
652 725
652 727
652 744
653 660
653 667
653 672
653 688
653 722
654 680
654 683
654 714
654 721
654 726
654 727
654 731
654 736
654 740
654 746
655 658
655 673
655 694
655 699
655 711
655 722
655 728
655 749
655 750
656 658
656 663
656 669
656 686
656 693
656 699
656 703
656 728
656 732
656 734
656 739
656 743
656 744
657 676
657 687
657 692
657 706
657 724
657 744
658 672
658 714
658 735
658 736
658 744
659 678
659 718
660 661
660 666
660 673
660 687
660 699
660 709
660 743
660 750
661 713
661 724
661 732
661 746
662 688
662 709
662 727
662 741
663 664
663 689
663 727
663 744
663 999
664 680
664 681
664 685
664 693
664 695
664 706
664 717
664 722
664 735
664 737
664 750
665 674
665 692
665 693
665 702
665 708
665 716
666 676
666 711
666 716
666 723
666 730
666 731
666 733
666 742
666 837
667 681
667 694
667 707
667 716
667 718
667 725
667 736
667 746
668 672
668 692
668 718
668 730
668 747
669 680
669 686
669 688
669 694
669 697
669 721
669 734
669 742
670 674
670 685
670 690
670 709
670 726
670 737
671 707
671 722
671 730
671 734
671 737
672 682
672 683
672 692
672 710
672 716
672 718
672 722
672 724
672 728
672 731
673 678
673 736
674 675
674 697
674 700
674 705
674 716
674 726
675 687
675 700
675 706
675 710
675 720
675 721
675 749
676 679
676 690
676 692
676 711
676 716
676 743
676 746
676 749
677 684
677 688
677 694
677 742
678 686
678 744
679 687
679 693
679 700
679 703
679 721
679 726
679 728
679 746
679 750
680 681
680 686
680 690
680 710
680 727
680 739
681 691
681 735
681 739
681 740
682 687
682 689
682 690
682 694
682 707
682 731
682 734
682 749
683 704
683 709
683 712
683 717
683 736
683 738
684 696
684 700
684 709
684 714
684 732
684 747
685 692
685 693
685 700
685 714
685 744
686 706
686 718
686 721
687 703
687 704
687 711
687 718
687 721
687 725
687 726
687 727
689 715
689 717
689 725
689 727
689 731
689 738
689 741
689 742
690 694
690 717
690 723
690 736
690 739
690 742
690 749
691 708
691 719
691 727
691 733
692 702
692 721
692 728
693 696
693 707
693 718
694 728
694 732
694 736
694 750
695 708
695 732
695 746
696 699
696 705
696 708
696 727
696 896
697 707
697 735
698 703
698 709
698 736
699 705
699 708
699 713
699 721
699 723
700 703
700 718
700 741
701 719
701 728
701 730
701 731
701 749
702 717
702 748
703 714
703 717
703 720
704 738
704 744
705 714
705 729
705 739
705 747
706 740
706 742
706 867
707 710
707 736
707 749
708 733
710 736
711 721
711 738
711 740
712 715
712 724
712 990
713 717
713 733
715 747
717 718
717 745
718 729
718 742
718 744
719 730
721 725
721 731
721 748
723 730
724 727
725 734
726 731
726 747
727 744
728 736
728 929
730 734
730 744
730 747
731 734
731 744
731 745
735 736
738 744
739 745
740 742
740 856
742 743
743 750
744 763
751 782
751 794
751 819
751 833
751 850
751 857
751 864
751 867
752 756
752 759
752 767
752 776
752 793
752 795
752 796
752 802
752 822
752 825
752 838
752 839
752 841
752 863
752 875
753 757
753 760
753 772
753 784
753 796
753 798
753 811
753 820
753 824
753 838
753 870
754 757
754 759
754 777
754 782
754 805
754 810
754 826
754 848
754 875
755 770
755 794
755 798
755 801
755 802
755 813
755 814
755 835
755 839
755 840
755 842
755 867
755 873
756 763
756 770
756 795
756 821
756 833
756 839
756 840
756 851
756 852
756 854
757 786
757 789
757 806
757 818
757 836
757 849
757 851
757 858
757 870
758 806
758 810
758 812
758 818
758 857
758 870
759 761
759 777
759 778
759 781
759 795
759 810
759 841
759 853
759 858
760 783
760 808
760 814
760 816
760 830
760 831
760 835
760 841
760 859
760 860
761 774
761 778
761 789
761 795
761 816
761 818
761 835
761 857
761 862
761 865
762 771
762 801
762 802
762 805
762 808
762 811
762 814
762 825
762 832
762 867
763 764
763 770
763 771
763 782
763 793
763 823
763 831
763 835
763 837
763 840
763 861
763 870
764 771
764 777
764 781
764 795
764 811
764 816
764 819
764 833
764 841
764 843
764 851
764 863
765 798
765 817
765 847
765 849
765 854
765 863
765 870
765 872
766 791
766 795
766 806
766 818
766 871
767 769
767 811
767 818
767 821
767 831
767 842
767 843
767 852
768 787
768 793
768 819
768 837
768 838
768 850
768 870
768 874
769 779
769 784
769 813
769 828
769 839
769 840
769 849
769 856
769 867
769 873
770 779
770 782
770 786
770 806
770 811
770 846
770 861
771 780
771 783
771 798
771 811
771 823
771 836
771 855
771 859
772 782
772 785
772 800
772 818
772 825
772 852
773 779
773 783
773 790
773 794
773 802
773 815
773 816
773 818
773 824
773 825
773 849
773 853
773 865
773 874
774 787
774 797
774 806
774 812
774 815
774 817
774 825
774 838
774 839
774 864
775 827
775 840
775 947
776 780
776 815
776 856
776 861
776 908
777 780
777 829
777 857
778 800
778 811
778 813
778 814
778 820
778 821
778 847
778 848
778 861
778 874
779 780
779 810
779 815
779 821
779 858
779 865
779 871
780 781
780 782
780 813
780 815
780 820
780 832
780 843
780 850
780 852
780 860
781 794
781 812
781 822
781 823
781 836
781 846
781 855
781 863
782 789
782 795
782 800
782 808
782 824
782 828
782 863
783 816
783 818
783 823
783 828
783 860
784 785
784 805
784 806
784 807
784 846
785 799
785 810
785 825
785 829
785 850
785 860
785 873
786 790
786 804
786 815
786 817
786 842
786 860
787 804
787 809
787 823
787 847
787 848
787 857
787 858
788 793
788 814
788 851
788 865
788 870
789 809
789 825
789 861
789 869
789 881
790 791
790 804
790 841
790 853
790 870
790 871
790 875
791 805
791 818
791 822
791 835
791 862
792 806
792 819
792 830
792 833
792 839
792 848
792 853
793 822
793 824
793 838
793 853
794 841
794 847
794 848
794 857
795 834
795 850
795 873
795 992
796 801
796 802
796 820
796 823
796 841
796 842
796 855
796 865
796 874
797 806
797 818
797 828
797 840
797 842
797 846
797 850
798 801
798 807
798 808
798 811
798 828
798 833
798 845
798 855
798 865
799 824
799 835
799 843
799 858
799 861
799 866
799 871
800 807
800 808
800 829
800 844
800 851
800 861
800 871
800 874
801 828
801 834
801 847
801 850
801 853
801 874
802 823
802 841
802 842
802 862
803 805
803 824
803 851
803 864
803 870
804 837
804 851
805 828
805 829
805 833
805 843
805 846
805 855
805 856
805 861
805 875
806 816
806 821
806 824
806 827
806 831
806 840
806 850
806 865
806 866
807 818
807 829
807 830
807 831
807 863
807 866
807 875
807 934
807 954
808 814
808 820
808 863
808 865
809 812
809 833
809 868
810 811
810 816
810 822
810 827
810 847
810 860
810 863
810 864
810 867
811 826
811 854
811 874
812 816
812 821
812 822
812 846
812 852
812 858
813 839
813 849
813 855
813 858
813 872
814 823
814 824
814 844
814 847
814 864
814 865
814 871
815 820
815 842
815 844
815 849
815 862
815 864
816 848
817 819
817 833
818 822
818 838
818 857
819 820
819 826
819 850
820 827
820 834
820 835
820 858
820 862
820 865
820 874
821 823
821 825
821 834
821 845
821 853
821 863
822 843
822 859
822 866
822 872
823 831
823 853
823 869
823 870
823 873
824 826
824 835
824 847
824 848
824 867
824 870
825 851
825 855
826 833
826 835
826 836
826 845
826 856
826 873
827 830
827 853
828 842
828 851
828 860
829 856
829 868
830 848
830 857
830 860
830 861
830 864
830 867
831 836
831 846
832 840
832 844
832 856
832 918
833 835
833 858
833 863
833 869
833 870
833 873
834 847
834 858
834 859
835 856
835 860
835 862
836 856
837 854
838 839
838 841
838 844
838 857
838 864
839 850
839 867
839 992
840 851
840 866
841 847
841 855
842 848
842 852
842 855
842 950
843 844
843 856
843 864
843 889
844 845
844 851
846 850
846 860
847 851
847 854
847 871
848 852
848 855
848 870
848 875
849 851
849 865
849 870
850 856
850 863
850 867
850 871
850 874
851 870
852 875
854 867
855 873
856 861
856 875
857 862
858 865
858 872
859 871
863 864
865 875
869 874
871 873
871 933
875 943
876 892
876 914
876 918
876 964
876 980
876 986
876 997
877 884
877 888
877 890
877 905
877 922
877 957
878 881
878 890
878 893
878 895
878 898
878 899
878 908
878 910
878 959
878 982
878 991
879 884
879 917
879 924
879 948
879 961
879 995
880 901
880 920
880 922
880 934
880 936
880 949
880 998
881 892
881 895
881 899
881 900
881 901
881 934
881 936
881 970
881 972
882 906
882 914
882 953
882 975
882 982
882 987
883 896
883 901
883 924
883 925
883 936
883 954
883 962
883 964
883 969
883 984
883 987
883 991
883 992
884 899
884 929
884 951
884 962
884 972
884 999
885 890
885 911
885 917
885 935
885 936
885 956
885 973
885 986
885 988
886 893
886 906
886 908
886 929
886 941
886 952
886 970
886 972
886 977
886 998
887 889
887 894
887 924
887 942
887 943
887 946
887 958
887 961
887 966
888 890
888 914
888 915
888 931
888 933
888 942
888 946
888 947
888 955
888 964
888 979
888 983
888 990
888 998
889 897
889 898
889 903
889 938
889 944
889 948
889 955
890 901
890 906
890 919
890 926
890 927
890 933
890 966
890 984
890 994
890 997
891 897
891 901
891 905
891 916
891 919
891 928
891 931
891 954
891 960
891 974
891 985
892 895
892 913
892 916
892 926
892 929
892 938
892 945
892 967
892 979
892 983
892 989
892 991
892 994
892 998
893 898
893 906
893 911
893 916
893 925
893 929
893 943
893 951
893 954
893 985
893 987
893 996
894 896
894 906
894 914
894 917
894 928
894 932
894 935
894 951
894 974
894 990
894 993
895 912
895 914
895 924
895 948
895 950
895 960
895 985
895 989
895 999
896 897
896 898
896 914
896 932
896 935
896 936
896 941
896 969
896 980
896 981
896 982
896 988
896 989
897 913
897 930
897 934
897 937
897 953
897 979
897 983
897 985
897 986
898 929
898 941
898 949
898 950
898 969
899 903
899 921
899 931
899 942
899 971
899 989
899 996
899 1000
900 904
900 914
900 921
900 925
900 937
900 938
900 946
900 949
900 963
900 966
900 971
900 982
901 913
901 917
901 931
901 933
901 940
901 960
901 963
901 964
901 978
901 979
901 993
901 997
902 915
902 925
902 945
902 953
902 965
902 990
902 991
902 993
903 904
903 928
903 947
903 958
903 970
903 971
903 982
903 985
903 999
904 928
904 942
904 944
904 954
904 973
904 993
904 996
904 1000
905 906
905 914
905 915
905 916
905 919
905 930
905 931
905 932
905 941
905 943
905 947
905 949
905 951
905 957
905 966
905 980
905 986
905 988
905 989
905 993
905 1000
906 921
906 932
906 957
906 958
906 959
906 960
906 965
906 987
906 997
907 913
907 923
907 927
907 928
907 967
907 980
908 913
908 923
908 936
908 972
908 993
909 914
909 927
909 935
909 936
909 969
909 984
909 995
910 919
910 920
910 941
910 946
910 970
910 987
910 995
911 929
911 935
911 977
911 995
912 959
912 965
913 915
913 920
913 936
913 946
913 982
913 990
913 992
913 998
914 962
914 964
914 974
914 978
915 918
915 947
915 950
915 967
915 970
915 979
916 919
916 938
916 943
916 946
916 950
916 953
916 960
917 918
917 921
917 922
917 949
917 969
917 971
917 986
918 934
918 940
918 941
918 966
918 987
919 932
919 994
920 921
920 962
920 972
920 984
920 994
921 925
921 973
921 975
921 977
921 986
921 987
921 990
922 968
922 969
922 991
922 993
923 924
923 929
923 974
923 976
924 930
924 944
924 961
924 968
924 969
924 975
924 1000
925 939
925 943
925 949
925 957
925 958
925 962
925 969
926 930
926 958
926 984
927 933
927 956
927 957
927 963
927 982
927 990
927 991
928 960
928 963
928 971
928 972
928 980
928 981
929 934
929 942
929 954
929 956
929 976
929 980
930 938
930 948
930 949
930 960
930 963
930 964
930 966
930 967
930 982
931 936
931 939
931 949
931 961
931 981
931 999
932 936
932 937
932 941
932 950
932 958
932 985
932 998
933 948
933 951
933 956
934 935
934 953
934 956
934 974
934 977
934 982
934 987
935 948
935 954
935 973
935 979
935 989
936 964
937 940
937 948
937 969
937 981
938 946
938 972
938 989
938 995
939 959
939 961
939 964
939 976
939 980
939 991
939 995
939 996
940 959
940 981
940 991
940 996
941 950
941 955
941 972
941 986
941 988
941 994
942 951
942 988
942 990
942 1000
943 957
943 994
943 998
944 947
944 949
944 983
945 955
946 972
946 975
946 984
946 988
946 999
947 973
947 992
947 1000
948 951
948 956
948 963
948 970
948 991
948 999
949 974
949 979
949 980
949 982
949 993
949 1000
950 958
950 985
950 992
951 963
951 974
951 982
951 987
952 954
952 957
952 994
953 963
953 965
953 966
953 996
954 957
954 965
954 985
954 987
955 957
955 975
955 981
955 992
955 994
955 995
955 996
956 965
956 966
956 969
956 976
956 984
956 989
956 1000
957 966
957 996
957 998
958 964
958 973
958 985
958 988
959 964
959 976
959 981
959 999
960 964
960 974
960 986
960 988
960 998
961 978
962 977
962 983
962 991
962 994
963 997
964 997
965 978
965 988
965 992
966 977
966 999
967 973
967 983
967 984
967 985
967 990
969 986
971 980
971 981
971 997
972 980
972 982
972 984
972 999
973 989
973 991
974 980
974 986
974 999
975 995
976 980
976 989
976 996
976 998
977 979
977 982
977 985
977 990
978 979
978 995
980 981
980 989
980 991
980 993
980 995
981 986
982 996
982 997
983 985
983 996
984 998
990 991
991 999
992 993
997 998
