1 20
1 23
1 40
1 56
1 57
1 59
1 98
2 12
2 20
2 26
2 39
3 18
3 94
3 95
3 122
4 15
4 54
4 87
5 20
5 47
5 48
5 56
6 78
7 32
7 56
7 110
8 21
8 28
8 31
8 65
9 19
9 55
9 102
10 30
10 58
10 120
10 121
10 964
11 50
11 75
11 79
11 87
11 111
11 116
12 28
12 31
12 70
12 112
12 115
13 22
13 34
13 38
13 110
13 112
13 115
13 891
14 38
14 64
14 103
15 108
15 110
16 43
16 60
16 95
16 111
16 119
17 77
17 114
18 50
19 48
19 68
19 69
19 98
19 314
19 395
20 70
20 233
21 34
21 89
22 36
22 49
22 106
22 117
23 57
23 77
23 110
23 638
24 31
24 45
24 83
24 87
24 97
24 122
25 47
25 106
25 116
25 119
25 137
27 35
27 46
27 69
27 74
27 86
27 110
28 38
28 645
28 833
29 36
29 41
29 76
29 773
30 47
30 73
30 78
30 92
30 101
30 119
30 834
31 61
31 101
31 107
32 69
32 76
32 84
33 103
33 117
34 42
34 118
34 120
34 517
35 72
36 52
36 75
36 599
37 39
37 931
38 84
38 85
38 97
39 120
39 661
40 43
40 54
40 87
40 109
40 124
40 749
41 78
41 82
41 119
41 123
42 64
42 117
42 121
42 871
44 46
44 83
44 98
44 107
44 197
44 598
44 968
45 51
45 69
45 113
45 125
46 51
47 117
47 121
48 63
49 68
49 73
49 77
49 575
49 755
49 918
50 51
50 62
51 99
51 122
51 917
52 94
52 125
53 65
53 80
54 62
54 80
54 125
54 142
55 117
56 100
57 70
57 631
58 91
58 108
59 100
59 307
60 66
60 67
60 70
60 74
60 87
61 68
61 72
61 79
61 92
62 112
62 119
64 92
64 109
64 114
65 92
65 97
65 103
65 266
66 96
66 99
66 104
67 70
67 71
67 82
67 87
67 115
67 707
68 117
69 98
69 125
69 241
70 77
70 97
70 100
70 115
71 96
71 107
72 103
72 105
72 115
73 83
73 86
73 98
73 107
73 112
73 124
73 428
74 103
74 120
74 762
75 103
75 114
76 79
77 82
77 91
77 112
77 121
77 956
78 99
80 106
80 107
80 404
81 96
81 110
81 330
83 123
85 92
85 108
86 102
87 92
87 104
88 263
90 91
91 101
92 689
93 120
94 125
94 262
95 122
95 961
96 121
98 752
99 104
100 125
101 106
101 695
102 109
102 114
104 118
104 120
104 489
105 115
105 116
105 121
106 132
106 298
107 116
107 297
108 111
108 657
109 114
109 123
110 119
111 886
111 989
112 117
112 958
113 324
116 118
117 852
118 195
120 483
126 144
126 162
126 412
127 146
127 187
127 207
127 231
128 133
128 174
128 183
128 208
128 228
128 231
128 237
129 133
129 143
129 153
129 165
129 173
129 206
129 216
129 225
130 139
130 156
130 167
130 169
130 171
130 180
130 182
130 232
131 136
131 202
131 208
131 231
131 237
131 246
132 145
132 178
132 179
132 187
132 195
132 211
132 240
133 147
133 193
133 202
133 249
134 135
134 195
134 235
134 248
134 249
135 152
135 154
135 181
135 185
135 218
135 534
136 147
136 165
136 183
136 192
136 227
136 802
137 173
137 198
138 148
138 154
138 232
138 235
138 244
139 144
139 184
139 982
140 148
140 235
141 162
141 177
141 185
141 202
141 206
141 218
142 214
142 232
142 233
142 236
142 238
142 241
142 244
142 647
143 147
143 151
143 166
143 220
144 188
144 201
144 237
144 246
144 970
145 156
145 180
145 766
146 160
146 178
146 225
146 233
147 172
147 187
147 203
147 222
148 149
148 204
148 212
148 791
148 840
149 166
149 811
150 155
150 169
150 196
151 168
151 219
151 226
151 259
151 420
152 167
152 178
152 183
152 188
152 239
152 596
153 239
153 241
153 246
154 229
154 243
154 244
154 468
155 168
155 188
155 220
156 194
156 197
156 204
156 208
156 211
157 184
157 213
157 218
157 243
158 188
158 196
159 171
159 197
159 204
159 224
160 162
160 173
160 176
160 224
160 347
160 477
161 174
161 176
161 207
161 248
162 232
163 174
163 187
163 210
163 248
164 186
164 198
164 204
165 192
165 222
165 223
165 226
165 227
165 249
166 179
166 210
166 224
166 228
166 878
167 183
167 211
167 227
168 179
168 214
168 237
169 179
169 196
169 213
169 242
169 246
170 171
171 207
171 208
171 243
171 248
171 922
172 177
172 205
173 206
173 213
173 233
173 842
174 194
176 187
176 216
176 219
177 475
178 205
178 246
179 184
180 213
180 236
181 207
181 211
183 248
183 261
183 303
184 185
184 198
184 243
186 197
186 554
187 191
187 211
187 214
187 862
188 199
188 236
188 243
188 249
189 234
189 239
189 243
190 193
190 213
190 220
190 235
190 238
191 203
191 419
191 810
192 227
192 242
193 194
194 215
194 224
194 618
195 239
195 381
196 237
196 240
196 477
196 542
197 229
197 803
198 208
198 215
198 228
200 213
200 226
200 228
200 246
202 215
203 231
204 221
204 227
204 234
204 245
205 248
206 237
207 232
208 224
208 240
209 229
210 786
211 239
212 798
212 978
213 223
214 241
215 228
216 221
219 222
221 246
221 249
222 795
223 855
223 890
225 526
226 247
227 244
228 313
229 231
230 231
230 247
231 241
231 245
231 247
232 235
235 242
235 471
236 242
237 525
239 242
239 777
244 294
244 541
246 542
248 738
250 684
251 263
251 269
251 272
251 565
252 267
253 272
253 276
254 297
255 258
255 270
255 332
255 343
255 345
256 283
256 335
256 346
257 276
257 280
257 306
257 316
257 318
257 327
257 334
257 335
257 352
257 366
258 311
258 313
258 316
258 326
258 332
258 352
259 266
260 279
260 288
260 298
260 345
260 363
261 275
261 278
261 293
261 334
261 362
262 271
262 283
262 316
262 344
262 350
263 277
263 297
263 305
263 308
263 364
264 285
264 300
264 303
264 306
264 981
265 292
265 294
265 297
265 342
265 367
265 372
265 374
266 276
266 319
266 321
266 360
267 346
267 361
267 373
268 269
268 273
268 277
268 324
268 344
268 369
268 604
269 293
269 324
269 333
269 338
269 349
269 355
270 354
271 335
271 341
271 372
272 286
272 324
273 290
274 277
274 286
274 318
274 319
274 354
274 359
275 300
275 310
275 326
275 339
275 352
276 285
276 287
276 319
277 311
277 343
277 653
278 286
278 311
278 335
278 346
279 301
279 330
280 287
280 297
280 301
280 339
280 357
280 916
281 302
281 309
281 323
281 329
281 352
282 299
282 302
282 333
282 340
283 284
283 341
284 287
284 325
284 333
284 355
284 372
284 486
285 311
285 366
285 674
286 352
286 373
286 954
287 300
287 325
287 347
287 349
288 289
288 349
288 363
288 794
290 300
290 326
290 349
290 353
290 358
291 295
291 368
292 306
292 317
292 333
293 949
294 298
294 327
295 312
295 313
295 319
295 345
295 347
295 352
295 356
295 364
296 297
296 364
297 311
297 317
297 337
297 339
297 346
297 347
297 777
298 318
298 332
298 335
298 348
299 306
299 333
299 368
299 667
300 316
301 335
301 336
301 347
301 366
301 785
302 347
302 364
303 310
303 356
303 360
303 368
303 370
303 372
304 314
304 348
304 367
304 804
305 308
305 370
307 308
307 317
307 332
307 340
308 322
308 323
308 336
308 365
309 311
309 325
309 339
309 340
309 369
310 320
310 332
311 316
311 319
311 331
311 375
311 851
312 336
312 340
313 336
313 340
314 322
314 323
314 349
314 352
315 325
315 327
315 337
315 348
315 356
315 375
316 342
317 412
318 355
319 335
320 360
321 328
321 332
321 347
321 354
323 332
323 341
323 360
324 474
326 343
326 352
326 362
327 356
327 593
327 675
328 842
329 364
330 339
331 336
332 336
332 341
332 353
332 368
335 345
335 349
336 358
336 366
336 440
337 346
337 347
337 608
338 342
339 348
339 373
340 346
340 348
340 364
340 372
341 350
342 344
342 361
344 370
344 386
346 364
347 352
347 360
348 368
349 375
349 558
349 962
350 367
351 374
357 359
357 363
357 373
359 767
360 370
360 376
361 902
362 367
362 370
364 978
370 372
372 629
376 382
376 388
376 415
376 476
376 478
377 388
377 418
377 440
377 462
377 464
377 467
377 475
377 497
378 464
378 471
379 384
379 396
379 428
379 437
379 459
379 462
379 903
380 424
380 482
381 393
381 453
381 460
381 466
381 475
381 499
382 388
382 411
382 419
382 431
383 420
383 436
383 443
383 455
383 463
383 468
383 481
384 416
384 423
384 455
384 460
384 467
384 472
384 478
384 481
384 515
384 904
384 990
385 392
385 431
385 454
385 458
385 463
386 398
386 401
386 412
386 414
386 430
386 445
386 451
386 459
386 460
386 473
386 487
387 425
387 427
387 498
388 408
388 412
388 417
388 437
388 463
388 562
389 396
389 404
389 405
389 410
389 416
389 444
389 458
389 468
389 832
390 408
390 419
390 443
390 486
391 426
391 433
391 454
391 457
391 469
391 484
391 585
392 394
392 401
392 421
392 424
392 429
392 489
392 490
392 497
393 413
393 423
393 465
393 470
393 476
393 489
394 416
394 448
394 464
394 493
394 495
395 445
395 496
395 497
396 449
396 455
396 465
396 489
396 579
397 420
397 444
397 447
397 456
398 418
398 473
398 475
398 841
399 440
399 487
399 499
400 439
400 447
400 449
400 450
401 422
401 453
401 483
402 428
403 424
403 429
404 459
404 478
404 487
405 470
405 483
405 498
406 413
406 443
406 472
406 474
406 490
407 442
407 486
408 413
408 427
408 440
408 463
408 471
408 480
408 497
408 791
409 450
409 466
409 488
410 413
410 434
410 467
410 469
411 431
411 441
411 454
412 460
412 470
412 477
412 488
412 500
412 922
413 455
413 618
414 452
414 457
414 491
414 498
414 670
415 448
415 475
416 428
416 443
416 487
416 516
417 427
417 470
418 427
418 436
418 492
418 499
419 452
419 811
420 422
420 471
420 492
421 425
421 442
421 457
422 703
422 988
423 449
423 461
423 471
423 483
423 484
423 498
423 522
423 826
425 454
425 455
425 494
426 441
427 443
427 488
427 494
428 430
428 447
428 472
428 479
429 458
429 487
429 500
430 445
430 464
430 481
430 488
431 491
432 450
432 457
432 495
433 436
433 462
433 483
434 445
434 463
434 467
434 482
435 450
435 495
436 493
437 447
437 485
437 486
437 487
437 488
438 460
439 445
439 470
440 445
440 446
441 447
441 454
441 491
441 493
442 445
442 454
444 450
444 466
444 468
444 476
445 470
445 476
446 449
446 453
448 480
450 488
450 849
450 853
451 463
451 468
452 723
452 814
453 486
453 968
454 481
455 460
455 464
455 481
455 482
455 489
456 460
456 474
456 477
456 590
457 463
457 470
457 492
457 499
458 468
458 477
459 460
459 461
459 739
461 466
462 466
463 528
463 739
464 858
465 475
465 484
466 478
467 474
467 499
468 481
468 482
468 487
470 498
471 489
472 899
473 484
473 500
476 496
476 497
477 481
477 490
477 496
478 484
478 499
479 496
479 536
483 490
483 491
483 497
483 499
485 489
488 815
489 491
489 500
492 709
493 744
495 849
501 543
501 554
501 570
501 584
501 622
502 538
502 549
502 554
502 563
502 566
502 605
503 508
503 584
504 565
504 573
504 580
504 582
504 595
504 607
504 612
505 542
505 555
505 561
505 578
505 587
506 624
507 539
507 555
507 577
507 615
508 523
508 555
508 586
508 616
509 522
509 525
509 527
509 583
509 597
509 610
510 569
510 585
510 617
511 519
511 526
511 530
511 544
511 547
511 568
511 591
511 608
512 543
512 545
512 596
512 954
513 526
513 569
513 571
513 612
514 548
514 567
514 589
515 538
515 551
515 557
515 564
516 560
516 597
517 520
517 624
518 564
518 572
519 536
519 557
519 588
519 593
520 521
520 563
520 565
520 604
521 552
521 575
521 597
521 605
522 590
522 602
523 544
523 557
523 600
524 540
524 554
524 605
524 617
524 622
525 529
525 534
525 548
525 565
525 616
525 618
526 548
526 552
526 554
526 590
526 622
527 542
527 563
527 567
527 581
528 533
528 590
528 619
529 530
529 557
529 572
529 581
530 561
530 562
530 592
531 533
531 577
531 608
531 613
531 719
532 565
532 603
533 535
533 598
533 612
533 615
534 538
534 561
535 538
535 550
535 581
535 589
535 591
536 579
536 595
537 592
538 577
539 554
539 596
540 606
541 556
541 580
541 581
541 592
541 623
541 836
542 624
543 550
543 590
544 551
544 568
544 611
544 618
545 578
545 605
545 617
546 592
546 605
546 621
547 552
547 559
547 562
547 564
547 576
547 606
548 557
549 557
549 581
549 586
549 613
550 577
551 623
551 917
552 588
553 860
554 561
554 573
555 570
555 573
555 601
555 602
555 609
556 557
556 588
557 566
557 582
557 585
558 606
559 586
560 598
560 942
561 587
561 599
561 610
562 563
562 580
562 596
562 603
562 609
563 589
563 594
563 622
564 571
564 598
564 601
564 621
565 572
565 606
565 622
566 570
566 591
566 593
567 606
567 614
568 579
568 598
568 611
568 615
569 576
569 582
569 594
569 599
569 612
571 581
571 585
571 594
571 597
571 621
572 576
573 593
573 597
573 618
574 613
575 603
576 597
577 610
577 698
578 595
578 603
578 612
579 581
579 609
579 614
580 605
580 611
583 586
583 625
584 592
586 608
587 602
587 616
587 621
588 683
589 617
590 615
590 621
593 594
593 595
593 598
593 613
593 620
594 599
594 609
594 617
594 625
595 609
595 613
595 620
597 619
599 618
599 948
602 679
604 625
605 612
606 619
607 619
607 984
609 620
610 624
611 617
613 817
614 616
614 623
618 622
618 625
623 625
626 654
626 693
626 721
627 629
627 661
627 684
627 685
627 703
627 730
628 633
628 643
628 649
628 655
628 663
628 664
628 715
628 736
629 640
629 663
629 676
629 714
629 716
629 746
630 631
630 654
630 666
630 671
630 694
630 726
630 736
631 667
631 721
631 736
631 750
632 672
632 681
632 721
632 746
633 650
633 654
633 657
633 681
633 716
633 723
633 740
634 652
634 653
634 683
634 695
634 706
635 658
635 674
635 693
635 715
635 746
635 750
636 667
636 694
636 720
636 738
636 745
637 650
637 673
637 732
638 656
638 678
638 738
638 748
639 656
639 717
639 734
639 737
639 747
640 662
640 708
641 688
641 707
641 726
641 727
641 731
641 739
641 740
641 747
642 649
642 656
642 668
642 689
642 694
642 697
643 654
643 721
643 744
643 749
644 663
644 679
644 687
645 650
645 681
645 698
645 700
645 723
645 735
645 750
646 663
646 673
646 690
646 711
646 729
647 660
647 673
647 728
647 747
648 716
648 727
649 686
649 709
649 717
649 725
649 746
650 660
650 673
650 688
650 749
651 656
651 678
651 703
651 732
651 735
651 736
651 738
651 747
652 659
652 701
652 714
652 742
652 745
653 721
654 735
655 700
656 661
656 698
656 735
657 662
657 686
657 728
658 672
658 676
658 739
659 670
659 692
659 739
659 740
660 662
660 727
661 687
661 702
661 709
661 740
662 666
662 679
662 705
662 726
663 673
663 692
663 701
664 680
664 683
664 716
664 744
665 669
665 687
666 670
666 686
666 751
667 679
667 688
667 706
668 673
668 679
668 707
668 713
668 740
668 750
669 691
669 708
670 679
670 681
670 688
670 727
671 672
671 689
671 695
671 698
671 749
672 698
672 699
672 706
673 684
673 702
673 739
674 675
674 676
674 684
674 720
674 733
674 747
674 749
674 759
674 899
675 681
675 696
675 731
675 732
675 745
676 705
676 726
676 734
677 688
677 715
677 737
677 789
678 679
678 699
678 702
678 732
678 733
679 699
680 683
680 708
680 718
680 729
681 690
681 707
681 711
681 742
682 720
682 727
683 711
683 746
684 686
684 720
684 730
685 734
686 699
686 703
686 724
686 734
687 735
688 692
688 741
688 985
689 691
690 723
690 736
690 742
690 747
691 701
691 729
691 750
692 695
692 697
692 710
692 715
692 736
693 707
693 708
693 743
693 749
694 728
694 735
695 696
695 722
695 740
695 743
696 715
696 721
696 750
697 743
698 728
698 739
699 717
699 726
699 964
700 714
700 735
700 747
700 749
701 735
702 740
702 749
703 712
705 708
705 715
705 726
705 733
706 716
706 746
706 747
707 719
707 727
708 713
708 747
709 714
709 719
711 712
711 927
712 721
712 742
712 745
713 716
714 735
716 744
717 719
721 724
721 745
724 738
724 745
725 729
726 728
729 734
730 736
731 736
731 747
732 748
734 741
735 882
736 738
736 800
737 876
738 749
740 743
740 747
741 743
742 747
742 748
743 748
743 923
745 747
750 773
751 796
751 841
751 864
752 775
752 786
752 789
752 800
752 848
752 849
753 809
753 838
753 845
753 854
753 855
753 873
754 765
755 776
755 810
755 818
755 822
755 831
755 840
756 779
756 793
756 820
756 836
756 854
757 804
757 825
757 847
757 857
757 869
758 812
758 849
759 772
759 795
760 809
760 832
760 844
761 783
761 809
761 837
761 862
761 864
762 763
762 784
762 790
762 802
762 806
762 817
763 774
763 814
763 835
763 862
764 778
764 793
764 798
764 810
764 843
765 801
765 859
765 871
765 971
766 779
766 814
766 821
766 826
766 864
767 770
767 809
767 819
767 829
767 831
767 832
767 849
767 850
768 791
768 810
768 820
768 829
769 802
769 826
769 839
770 775
770 782
770 789
770 799
770 801
770 810
770 843
770 857
770 858
770 871
771 780
771 789
771 857
771 871
772 786
772 796
772 843
772 846
772 863
773 776
773 840
774 840
774 841
774 843
774 860
775 778
775 816
775 822
775 825
775 833
775 839
775 855
776 834
776 838
776 871
777 801
777 827
778 779
778 802
779 781
779 800
779 813
779 815
779 859
779 861
779 872
780 863
781 782
781 855
781 866
782 783
782 810
782 861
782 882
783 800
783 838
784 811
784 829
784 862
785 797
785 823
785 854
786 793
786 845
786 851
787 822
787 871
788 824
788 829
788 831
788 875
789 868
790 830
790 859
790 861
791 798
791 800
791 822
791 873
792 865
793 795
793 820
793 823
793 824
793 855
793 866
793 867
794 804
794 815
794 821
794 838
794 839
794 845
795 826
795 875
795 976
796 801
796 807
796 840
796 893
797 817
797 839
797 842
797 856
797 868
798 812
798 843
798 857
799 800
799 817
799 823
799 849
800 801
800 815
800 856
801 832
801 833
801 840
801 871
802 830
802 836
802 844
802 856
803 826
803 846
803 857
804 816
804 818
804 841
805 975
806 817
806 834
806 868
807 813
807 818
807 873
809 816
809 824
810 827
810 846
810 967
811 831
811 834
811 897
812 818
812 823
812 835
812 857
812 866
813 822
813 837
814 847
814 868
815 839
816 820
816 870
817 873
818 820
818 822
818 825
818 843
818 868
819 847
819 849
819 971
821 830
821 842
821 854
822 869
823 853
824 865
826 843
827 865
828 837
828 847
828 866
829 835
829 846
829 864
829 868
830 837
830 868
830 870
832 842
832 849
833 841
833 842
833 870
834 856
836 851
836 873
837 862
838 852
838 858
839 862
839 863
839 871
841 861
843 849
843 855
843 866
843 871
844 848
846 874
848 852
849 861
850 853
851 864
853 870
853 871
853 875
856 872
858 873
860 870
863 870
864 867
865 867
869 875
870 874
873 885
876 880
876 890
876 979
876 985
876 998
877 878
877 895
877 915
877 923
877 929
877 930
877 932
877 934
878 879
878 880
878 912
878 932
878 940
878 941
878 949
879 900
879 909
879 950
879 968
879 984
879 991
879 998
880 934
880 954
880 957
880 976
881 890
881 891
881 900
881 990
881 991
882 887
882 893
882 904
882 927
882 953
882 961
882 974
882 982
883 926
883 934
883 942
884 917
884 947
884 965
884 976
884 977
884 988
884 993
885 906
885 975
885 987
885 992
886 894
886 906
886 909
886 966
887 920
887 963
887 978
887 995
888 907
888 951
888 980
888 981
888 988
888 994
888 995
888 1000
889 906
889 921
889 926
889 935
889 939
889 944
889 949
890 977
891 910
891 955
891 959
891 989
892 894
892 924
892 933
892 973
892 1000
893 960
893 987
893 992
893 993
894 898
894 901
894 978
894 994
895 913
895 921
895 937
895 975
895 976
895 990
896 932
896 965
896 975
896 977
897 898
897 902
897 907
898 934
898 945
898 947
898 974
898 979
899 923
899 952
899 962
899 967
899 992
899 995
900 934
900 948
900 987
901 913
901 918
901 923
901 957
901 966
901 973
901 977
901 983
901 999
902 932
902 947
902 950
902 953
902 967
902 971
903 904
903 911
903 955
903 992
904 919
904 920
904 943
904 957
905 963
905 974
905 998
906 917
906 918
906 951
906 985
906 987
906 1000
907 963
907 983
907 989
908 910
908 964
909 910
909 955
910 933
910 938
910 956
910 968
910 979
911 915
911 920
911 925
911 966
911 979
912 975
913 922
913 933
913 962
915 987
915 992
916 940
917 930
917 940
917 981
917 994
918 926
918 935
918 969
918 972
918 988
919 965
919 995
920 934
920 949
920 969
921 930
921 933
921 953
921 965
922 958
922 967
922 992
923 938
923 954
924 927
924 928
925 973
925 997
926 951
927 930
927 975
928 932
928 995
929 948
929 958
930 944
930 971
930 978
930 983
930 989
930 997
931 965
932 947
933 938
933 962
933 975
933 992
934 963
935 950
935 968
936 938
936 943
936 949
936 974
936 975
937 942
937 956
938 949
938 964
938 988
939 943
939 954
939 965
939 992
940 961
940 978
941 950
941 960
941 978
941 989
942 945
942 954
943 945
944 950
944 953
944 960
944 1000
945 965
945 968
945 969
945 972
945 973
945 999
946 957
946 981
946 983
948 964
949 987
950 955
950 998
951 954
951 985
952 983
953 974
954 955
954 964
954 971
955 958
955 990
955 991
956 966
956 976
957 959
958 963
958 997
959 975
959 982
961 975
961 978
961 980
963 973
963 983
963 988
964 999
965 983
966 968
966 981
966 993
967 970
969 980
969 984
970 976
970 989
971 1000
972 999
973 995
977 986
977 991
978 985
980 986
982 989
984 987
989 996
991 993
992 998
993 994
996 998
