1 39
1 78
2 5
2 55
2 118
2 121
2 880
2 974
3 12
3 20
3 43
3 67
4 8
4 16
4 21
4 70
5 21
5 25
5 29
5 75
5 120
6 12
6 38
6 39
6 58
6 61
6 78
6 105
7 18
7 59
7 94
7 104
7 112
8 33
8 40
8 41
8 98
8 100
9 48
10 12
10 74
10 101
11 14
11 36
11 40
11 52
11 75
11 81
12 120
13 21
13 62
13 75
13 76
13 82
13 122
13 504
13 667
14 43
14 45
14 48
14 79
15 67
15 112
15 121
15 124
16 23
16 49
16 51
16 84
17 41
17 46
17 74
17 81
17 83
18 36
18 82
18 90
19 102
20 30
20 35
20 38
20 95
20 105
20 116
20 121
21 39
21 49
21 55
21 109
22 24
22 30
22 38
22 106
22 112
22 125
22 424
22 662
23 34
23 90
23 95
23 104
24 31
24 35
24 46
24 48
24 50
24 61
24 71
24 116
25 35
25 79
25 101
25 102
26 55
26 95
26 217
27 99
27 108
28 179
28 737
29 39
29 81
29 100
29 104
29 109
30 103
31 36
31 58
31 90
31 99
32 77
33 51
33 67
33 114
34 55
34 86
34 558
35 39
35 100
35 101
35 111
35 115
35 386
35 578
35 993
36 43
36 44
36 84
36 86
36 101
36 109
36 123
37 64
37 85
37 87
37 94
37 98
37 111
37 274
38 61
38 111
38 115
38 493
38 643
39 47
39 65
39 67
39 86
39 102
39 509
40 51
40 103
40 935
41 71
41 125
42 107
43 114
43 120
43 122
44 79
44 83
44 85
45 70
45 734
46 59
46 66
46 78
46 99
46 125
47 51
47 57
47 512
47 749
49 57
49 106
49 112
50 75
50 95
50 101
50 116
50 845
51 52
51 53
51 57
51 70
51 90
51 97
51 121
52 54
52 86
52 104
53 59
53 72
53 74
53 75
53 112
54 63
54 64
54 100
55 57
55 59
55 123
56 66
56 104
56 118
57 82
57 116
58 86
58 93
59 68
59 80
59 87
59 125
60 103
61 64
62 73
62 114
64 80
64 86
64 94
64 111
65 102
65 164
66 103
67 73
67 123
67 478
68 69
68 76
68 93
68 107
68 109
68 114
68 127
69 87
69 111
69 118
69 121
70 77
70 108
70 114
71 112
71 120
72 96
72 116
73 81
73 86
73 98
73 100
73 330
73 516
74 110
74 111
74 123
74 698
75 79
75 103
76 100
76 119
76 120
77 88
77 94
77 115
77 733
78 82
78 119
78 529
79 109
79 679
79 778
81 94
81 728
82 998
83 98
83 108
84 94
84 108
84 113
85 818
86 452
87 401
87 977
88 99
88 109
88 123
89 101
90 100
90 101
91 110
92 120
92 851
93 99
93 122
95 119
96 122
97 102
97 269
98 107
100 114
101 122
102 120
102 123
102 930
103 105
103 122
104 351
105 108
105 118
107 116
108 121
109 111
109 123
110 945
111 706
114 123
118 466
122 138
123 564
123 729
124 441
126 136
126 162
126 168
126 248
126 283
126 940
127 141
127 158
127 166
127 171
127 194
128 155
128 164
129 290
129 433
129 990
130 141
130 156
130 166
130 176
130 205
130 215
130 246
130 248
130 421
131 161
131 167
131 174
131 189
131 196
131 198
131 209
131 211
131 239
132 199
132 224
132 242
133 162
133 171
133 185
133 213
133 238
134 173
135 145
135 169
135 230
136 191
136 208
136 216
137 144
137 167
137 194
137 245
137 918
138 140
138 142
138 153
138 206
138 504
139 159
139 161
139 190
139 203
139 204
139 234
139 250
139 340
139 686
140 166
140 187
140 191
140 199
140 203
140 222
140 238
141 186
141 204
141 242
142 184
142 215
142 236
142 364
143 144
143 164
143 175
143 181
143 190
143 200
143 226
144 166
144 222
144 239
145 184
145 209
145 231
146 183
146 238
146 969
147 160
147 171
147 180
147 196
147 212
148 190
148 222
148 233
148 243
149 159
149 169
149 171
149 176
150 167
150 218
150 245
150 770
151 172
151 179
151 180
151 199
151 229
152 164
152 205
152 219
152 636
153 170
153 247
153 285
154 174
154 180
154 199
154 226
155 192
155 227
156 193
156 197
156 238
156 960
157 172
157 220
157 223
157 250
157 331
158 167
158 184
158 207
158 228
159 174
159 184
159 216
159 997
160 241
160 247
160 510
162 189
162 219
162 225
162 249
163 196
163 211
163 218
163 248
164 186
164 196
164 200
164 207
164 226
164 234
164 983
165 177
165 235
166 168
166 199
166 210
166 228
167 201
167 223
167 233
167 361
167 718
168 214
169 230
170 177
170 184
170 204
170 215
170 229
171 176
171 178
171 222
172 186
172 205
172 281
173 199
173 200
173 204
173 211
173 216
173 842
174 182
174 212
175 222
175 224
175 583
176 183
176 200
177 178
177 186
177 248
179 186
179 218
179 221
179 227
180 620
181 202
181 230
182 183
182 185
182 236
183 193
183 217
184 197
184 215
184 244
184 727
185 196
185 212
186 201
186 237
186 250
187 220
187 731
187 792
188 195
188 205
188 211
189 205
189 239
189 482
189 682
190 197
190 232
191 206
191 207
191 219
191 241
192 208
192 212
192 241
192 245
193 208
193 216
194 218
194 243
194 469
195 220
196 203
196 228
197 203
197 240
197 248
198 241
199 224
199 241
199 728
200 221
200 998
202 210
202 219
202 250
202 639
204 233
204 239
206 215
206 217
206 246
207 214
207 856
208 627
209 304
210 215
210 299
210 464
211 227
212 236
213 226
213 236
213 652
214 718
215 218
215 243
216 239
217 250
219 223
219 226
220 249
221 222
222 237
222 663
223 232
223 247
223 617
224 232
224 587
224 761
225 249
226 231
228 247
231 238
231 239
234 241
234 657
235 247
235 571
236 250
238 246
238 248
238 492
240 246
241 832
242 643
244 595
246 247
246 250
246 840
246 897
247 248
251 262
251 275
251 309
251 333
251 371
252 256
252 270
252 291
252 344
252 375
252 837
253 263
253 292
253 730
254 255
254 275
254 280
254 333
254 340
254 373
255 360
255 365
255 370
256 273
256 297
256 298
256 304
256 319
256 348
257 262
257 323
257 361
258 300
258 356
258 970
259 262
259 292
259 351
259 366
260 262
260 292
260 323
260 329
260 333
260 372
261 264
261 267
261 370
262 276
262 310
262 325
262 334
262 363
263 297
263 332
263 334
263 346
264 275
264 276
264 291
264 306
264 313
264 326
264 348
265 285
265 336
265 345
266 269
266 282
266 312
266 329
266 345
266 356
266 360
266 373
267 284
267 306
267 348
267 351
267 372
268 289
268 336
268 342
269 288
270 297
270 308
270 326
270 348
270 357
270 367
270 525
271 310
271 340
271 365
272 273
272 275
272 288
272 300
272 316
272 330
272 341
272 348
273 294
273 354
273 355
273 369
273 757
274 277
274 338
274 367
275 304
275 310
275 353
276 280
276 284
276 300
276 319
276 334
276 349
277 317
277 350
278 327
278 335
278 375
278 518
279 289
279 301
279 359
279 370
280 297
280 301
280 307
280 337
280 347
280 369
280 700
281 350
282 285
282 369
282 374
283 285
283 288
283 303
283 323
283 355
283 360
284 291
284 312
284 329
284 357
284 369
284 372
284 565
285 297
285 301
285 307
285 325
285 338
285 345
285 352
286 287
286 307
286 332
286 334
287 290
287 310
287 319
287 322
287 334
287 344
287 352
287 355
287 356
287 619
288 319
288 325
288 371
288 555
289 296
289 310
289 316
289 323
289 335
289 366
290 319
290 336
291 338
292 371
293 295
293 326
293 348
293 365
294 371
295 318
295 338
296 318
297 320
297 346
297 368
298 337
298 349
298 361
298 362
298 453
299 344
299 365
300 326
300 333
300 354
300 371
301 303
301 306
301 319
301 324
301 344
301 364
302 311
302 368
303 347
303 348
304 317
304 356
304 358
304 368
305 310
305 336
305 353
306 313
306 369
306 653
307 316
307 322
307 324
307 332
307 349
308 323
308 373
309 365
310 323
311 371
312 314
312 325
312 352
312 370
312 475
312 558
313 325
314 326
314 328
314 329
314 482
315 316
315 318
315 355
315 373
315 418
316 318
316 368
316 895
317 332
318 361
318 673
319 356
320 322
320 326
320 345
320 372
320 884
321 360
322 338
322 908
323 407
324 336
325 327
325 331
325 373
327 346
327 347
327 364
327 749
328 333
329 346
329 349
329 354
330 348
330 365
330 367
330 909
332 345
332 348
332 352
332 356
332 366
332 868
333 335
333 359
334 338
335 345
335 368
337 348
337 358
338 346
340 354
340 360
340 362
340 372
340 373
341 346
341 353
342 355
342 363
342 368
342 658
345 374
345 459
346 356
347 361
347 373
348 363
348 372
349 359
350 371
351 355
354 374
354 489
356 359
356 763
360 364
361 366
362 367
362 372
362 375
365 444
365 904
366 586
367 375
368 375
376 380
376 419
376 422
376 425
376 436
376 452
376 465
376 471
376 481
377 482
377 489
378 440
378 447
378 465
378 466
378 488
378 493
379 407
379 423
379 486
379 954
380 383
380 400
380 418
380 483
381 399
381 400
381 443
381 456
381 496
382 397
382 429
382 500
383 454
383 460
383 923
384 443
384 859
385 401
385 425
385 442
385 454
385 593
386 407
386 435
386 458
386 481
386 485
387 391
387 399
387 430
387 439
387 483
387 495
387 498
388 408
388 430
388 443
388 491
388 495
389 428
389 440
389 451
389 455
389 467
390 416
390 418
390 433
390 440
390 454
390 480
390 491
391 407
391 409
391 414
391 420
391 461
391 470
391 476
391 498
391 950
392 424
392 477
393 395
393 421
393 441
393 466
393 468
394 443
394 450
394 479
394 494
395 414
395 418
395 456
395 467
395 497
396 398
396 403
396 414
396 420
396 471
397 430
397 437
398 404
398 432
398 442
398 459
398 495
399 406
399 411
399 413
399 433
399 467
399 495
400 432
400 443
401 413
401 443
401 472
401 494
402 440
402 451
403 451
403 478
403 482
404 426
404 445
404 448
404 455
404 467
404 873
405 407
405 428
405 431
405 450
405 455
405 482
405 489
405 930
406 424
406 432
406 456
406 473
406 495
406 609
407 412
407 466
407 940
408 412
408 459
408 651
409 434
409 438
409 444
409 457
409 484
410 421
410 468
410 499
411 451
412 426
412 445
412 471
412 487
412 494
413 472
413 480
414 439
414 494
415 426
415 465
415 478
415 485
416 473
416 828
416 849
417 439
417 471
417 484
417 499
418 431
418 471
418 493
419 452
420 464
420 549
421 435
421 449
421 461
422 427
422 452
422 460
422 484
422 490
422 491
423 449
423 451
423 464
423 487
423 497
423 869
424 441
424 477
425 430
425 484
425 500
426 441
426 461
426 491
426 687
427 436
427 448
427 453
427 466
427 488
427 499
428 432
428 490
429 435
429 443
429 476
429 830
430 432
430 439
430 446
430 463
430 489
431 435
431 455
432 433
432 471
432 488
433 436
433 457
434 486
435 448
435 449
435 980
436 450
436 459
436 490
436 493
436 499
436 777
437 471
437 489
437 490
437 496
438 452
438 461
438 467
438 479
438 633
439 994
440 463
440 482
441 445
441 451
441 454
441 456
441 460
441 478
442 466
442 489
442 496
443 465
443 517
444 489
444 493
445 451
445 453
445 454
445 464
445 474
445 498
446 451
447 450
447 462
447 488
448 458
448 462
448 958
449 460
449 474
449 481
450 491
452 479
452 489
452 494
452 579
453 929
455 458
455 472
455 493
456 460
457 459
457 470
457 486
457 495
457 497
458 468
459 536
459 755
461 462
461 465
461 471
462 485
462 833
463 481
463 488
464 489
465 500
466 855
467 481
467 495
468 683
471 480
471 490
472 484
475 489
476 483
478 479
480 489
480 494
480 495
480 592
481 486
482 485
482 487
483 499
485 750
486 500
486 731
487 490
488 489
488 490
488 754
488 970
490 825
491 899
492 950
493 497
501 555
501 574
501 600
501 614
501 939
502 503
502 510
502 522
502 542
502 550
502 577
503 516
503 842
504 513
504 554
504 575
505 510
505 512
505 529
505 539
505 574
505 598
505 607
505 933
506 548
506 561
506 576
506 577
507 508
507 522
507 537
507 547
508 543
508 556
508 564
508 617
509 513
509 527
509 558
509 614
509 619
510 559
510 582
511 560
511 565
511 572
511 610
512 545
512 587
512 597
513 525
513 573
513 578
514 539
514 548
514 572
514 620
515 553
515 559
515 603
515 607
516 521
516 552
516 588
516 603
516 609
517 535
517 547
517 611
517 619
518 528
518 548
518 555
518 558
518 560
518 585
519 529
519 533
519 579
519 597
519 598
519 986
520 531
520 590
521 551
521 556
521 558
521 575
521 584
521 608
521 623
522 573
522 598
523 552
523 594
523 600
523 606
523 728
524 544
524 547
524 562
525 526
525 530
525 536
525 579
525 598
525 610
525 613
526 551
526 554
526 573
526 612
527 534
527 610
528 529
528 553
528 681
529 581
529 595
529 614
529 731
530 532
530 542
530 547
530 561
530 563
530 581
530 595
530 625
531 543
531 589
531 595
531 606
531 622
532 563
533 578
533 592
533 624
534 586
534 594
535 546
535 577
536 594
536 596
536 606
536 611
537 559
537 588
537 590
537 621
538 566
539 557
539 583
540 579
540 612
540 613
541 545
541 573
541 595
542 569
542 588
542 589
543 547
543 555
543 559
543 588
543 598
544 550
544 564
544 615
544 616
544 618
544 623
545 588
545 612
546 578
546 591
546 597
546 621
547 548
547 561
547 576
547 608
548 554
548 604
548 622
549 560
549 578
550 555
550 556
550 619
550 803
551 561
551 573
551 580
551 591
551 600
551 613
551 619
552 563
552 568
552 624
553 554
553 562
553 570
553 574
554 616
555 586
555 609
556 604
556 616
556 620
556 624
557 577
557 579
557 584
558 571
559 602
560 618
561 580
561 590
561 613
562 830
563 567
563 592
563 602
563 616
564 592
565 589
566 701
567 579
567 580
567 621
568 600
568 624
568 955
569 576
569 598
569 616
570 571
570 576
570 587
570 594
570 619
570 763
571 577
571 581
572 578
572 584
572 600
572 605
572 621
573 590
573 602
574 582
575 584
575 614
576 596
576 606
576 740
577 579
578 588
578 611
579 601
579 625
580 609
581 608
581 614
581 619
581 649
582 584
582 591
584 596
584 606
584 612
585 589
585 590
585 611
586 607
586 608
586 614
586 641
587 602
588 604
588 610
589 602
589 619
590 595
590 620
592 609
592 613
592 623
593 598
593 607
594 612
594 625
595 856
599 624
600 625
600 915
601 625
602 607
602 608
602 609
602 621
602 745
603 610
603 623
604 623
604 634
605 609
605 621
605 622
607 608
607 609
607 618
607 624
609 613
612 617
614 905
615 622
615 956
618 625
620 885
623 625
626 638
626 665
626 696
626 717
626 720
626 725
626 748
627 636
627 648
628 659
628 676
628 678
628 724
628 737
628 741
628 749
629 715
629 747
630 654
630 679
630 685
630 692
630 935
631 644
631 655
631 657
631 687
631 693
631 709
632 703
632 709
633 643
633 708
634 680
634 693
635 643
635 694
635 698
635 718
635 724
635 750
636 688
636 691
636 707
637 711
637 726
637 728
637 740
637 741
638 669
638 679
638 683
638 741
639 738
639 748
640 695
641 669
641 719
641 894
642 663
642 694
642 722
642 744
643 699
643 703
643 738
644 649
644 671
644 674
644 690
644 861
645 650
645 733
646 653
646 677
646 686
646 687
646 719
646 746
647 667
647 669
647 684
647 697
647 704
648 649
648 691
648 731
649 656
649 670
649 702
649 705
649 708
649 728
649 732
650 673
650 688
650 702
650 742
651 677
651 696
651 705
651 741
652 666
652 673
652 718
653 680
653 713
653 732
654 694
654 734
654 736
654 749
655 746
656 665
656 685
656 692
656 694
657 664
657 692
658 678
658 706
658 716
658 747
658 750
659 668
659 684
659 708
659 737
660 687
660 725
660 728
660 736
660 749
661 694
662 728
662 838
663 675
663 683
663 724
663 853
664 672
664 711
664 714
664 727
665 695
665 699
665 700
665 741
665 743
666 668
666 723
666 748
667 696
669 681
669 691
669 716
669 742
669 818
670 689
670 702
670 737
671 696
671 725
671 739
671 745
672 674
672 680
672 694
672 723
672 737
673 706
673 715
673 719
673 720
674 722
674 725
674 745
675 677
675 702
675 768
676 691
676 724
676 726
676 731
676 737
677 680
677 691
677 741
678 689
678 704
678 997
680 713
680 743
681 687
681 696
681 703
681 735
681 739
681 974
682 707
682 732
682 738
682 887
683 690
683 746
684 698
684 713
685 694
685 702
685 706
685 720
686 728
687 712
689 698
689 705
689 719
689 746
690 742
691 735
691 750
692 694
692 749
692 871
693 734
693 742
694 715
694 747
695 718
695 744
696 697
696 699
696 702
697 723
697 726
697 731
697 739
698 703
698 707
698 734
699 701
699 708
700 918
701 705
701 720
701 726
701 1000
702 708
702 710
702 714
702 728
703 744
705 728
705 747
707 717
707 731
708 721
709 732
709 766
710 743
711 746
714 724
714 726
714 738
716 727
720 746
720 748
723 742
724 732
724 750
725 735
725 737
726 728
727 749
727 995
728 834
730 736
730 743
731 733
732 852
734 742
735 741
736 746
736 748
737 743
738 742
740 743
740 747
746 898
751 814
751 822
751 840
751 861
752 756
752 839
752 870
753 759
753 779
753 785
753 787
753 807
753 809
753 844
754 776
754 824
754 849
754 859
754 867
755 784
755 856
755 865
756 829
756 846
756 854
757 800
758 787
758 810
758 853
758 874
759 796
759 827
759 854
759 869
760 833
760 845
760 861
761 773
761 777
761 829
762 765
762 769
762 861
763 778
763 779
763 835
763 860
763 868
764 770
764 846
765 773
765 774
765 779
766 810
767 782
767 837
767 860
767 871
768 804
768 825
768 863
769 783
769 818
769 862
770 772
770 785
770 810
770 828
770 862
770 874
770 875
771 831
771 844
771 855
772 787
772 792
772 839
773 798
773 820
773 837
774 788
774 837
774 857
775 805
775 833
775 852
776 813
776 831
777 784
777 796
777 850
778 781
778 808
778 859
778 860
778 871
778 875
779 822
779 824
779 826
779 837
779 848
780 788
780 805
780 808
780 836
780 875
781 789
781 793
781 799
781 815
781 826
781 828
782 786
782 825
782 840
782 842
782 858
782 870
782 875
783 794
783 833
784 792
784 802
784 803
784 806
784 828
784 834
784 853
784 861
784 866
785 795
785 809
785 815
785 857
787 800
787 808
787 828
788 838
788 840
788 856
788 857
788 874
789 799
789 813
789 827
789 841
789 868
790 801
790 805
790 813
790 825
790 840
790 865
790 871
791 792
791 860
792 793
792 802
792 826
792 832
792 850
792 857
792 858
792 859
793 804
793 810
794 840
794 843
794 863
795 817
796 827
796 841
796 857
796 871
797 860
797 867
798 803
798 823
798 843
799 820
799 875
801 825
801 827
801 836
801 844
801 846
801 866
802 845
802 852
802 862
802 867
802 871
803 831
803 859
804 811
804 826
804 833
804 838
804 839
804 845
805 858
807 825
807 849
807 864
808 845
809 817
809 846
809 855
809 859
810 811
810 848
810 849
810 861
811 861
813 856
813 858
813 863
813 873
814 821
814 847
814 857
816 821
816 855
817 863
817 873
818 855
818 868
819 824
819 866
820 823
820 834
820 866
820 869
821 835
821 846
821 874
822 851
823 853
823 858
824 836
824 844
826 874
827 833
828 858
828 869
829 833
829 841
829 865
830 832
830 862
831 834
831 842
831 852
831 864
832 841
832 842
832 849
832 907
834 835
834 844
834 853
835 872
836 840
836 842
837 842
838 853
838 868
838 875
839 843
839 846
839 855
839 857
840 862
840 863
840 872
841 847
843 848
843 855
843 857
843 862
843 871
844 865
846 862
846 868
847 866
847 874
849 869
850 863
850 870
851 866
853 856
853 861
854 857
854 859
854 864
855 873
856 875
859 864
860 872
862 866
863 866
864 867
865 866
876 930
876 993
876 996
877 904
877 950
877 982
877 984
877 989
878 908
878 926
878 927
878 932
878 943
878 948
879 915
879 937
879 969
879 983
879 995
880 916
880 933
880 941
880 947
880 964
880 981
880 996
881 912
881 929
881 962
881 993
882 896
882 952
882 971
883 915
883 921
883 932
883 948
883 950
883 952
883 983
884 907
884 956
884 957
884 971
884 992
885 945
885 966
885 974
886 899
886 915
886 917
886 980
887 953
887 998
887 999
888 932
888 941
888 998
889 891
889 894
889 912
889 925
889 938
889 993
889 1000
890 979
890 997
891 908
891 922
891 998
892 911
892 933
892 970
893 925
893 944
893 957
893 991
894 910
894 913
894 950
895 921
895 935
895 938
895 941
895 944
895 969
896 918
896 933
896 1000
897 949
897 957
897 984
897 994
898 907
898 926
898 936
898 940
898 948
898 956
898 965
899 900
899 921
899 984
900 962
900 977
900 995
901 906
901 915
901 973
901 986
902 918
902 919
902 937
902 949
902 974
902 985
902 993
902 998
903 925
903 927
903 930
903 960
904 941
904 948
904 953
904 973
904 986
905 963
905 983
905 988
906 937
906 994
907 908
907 916
907 925
907 926
907 933
907 961
907 964
907 984
907 985
907 994
907 1000
909 929
909 970
910 911
910 927
911 965
911 974
911 977
912 958
912 969
912 977
913 919
913 922
913 927
913 938
913 945
914 929
915 923
915 935
915 964
915 968
915 983
916 960
916 965
916 999
917 921
917 926
917 940
917 950
917 952
918 933
919 936
919 949
919 951
919 972
919 979
919 996
920 924
920 949
920 952
920 970
920 988
921 926
921 951
921 980
921 991
922 928
922 945
922 951
923 931
923 938
923 946
923 957
923 970
924 940
926 932
926 963
926 986
926 989
927 964
927 965
927 966
927 989
929 930
929 962
929 979
930 978
930 984
930 985
931 950
931 968
931 993
932 933
932 966
932 971
932 972
932 976
932 986
933 966
935 961
936 951
937 941
937 958
937 972
937 993
938 959
939 994
940 977
940 980
941 947
941 949
941 950
942 955
942 994
942 997
943 960
943 970
943 986
944 945
944 946
944 982
944 985
944 997
945 958
945 960
945 984
946 992
947 950
947 994
948 985
949 953
949 967
950 953
950 979
950 981
951 958
951 970
951 994
951 995
951 997
952 980
952 998
953 973
953 978
954 959
954 983
955 965
955 966
955 968
956 977
957 974
957 977
957 987
958 997
959 990
960 991
961 977
962 970
962 989
962 1000
963 980
964 969
964 970
966 997
966 1000
969 983
971 980
971 983
971 1000
972 997
975 977
978 988
980 990
982 988
982 991
983 989
983 992
983 999
985 986
985 992
985 994
989 998
990 991
997 998
