1 28
1 33
1 40
1 73
1 106
1 109
2 60
2 90
2 482
3 26
3 65
3 85
3 102
4 15
4 33
4 51
4 94
4 99
6 11
6 47
6 75
6 86
6 116
6 122
6 435
7 14
7 26
7 34
7 49
7 58
7 59
7 70
7 119
8 57
8 75
8 117
9 14
9 48
9 57
9 338
10 20
10 67
10 75
10 98
10 926
11 46
11 73
11 79
11 88
11 120
12 18
12 44
12 85
12 107
13 72
13 74
13 76
13 77
13 106
13 117
13 828
14 42
14 51
14 102
14 116
14 219
15 21
15 75
15 866
16 82
16 95
16 99
16 119
17 29
18 43
18 50
18 66
18 69
18 72
18 80
18 103
19 101
19 111
19 122
20 27
20 32
20 38
20 67
20 118
21 29
21 80
21 86
21 115
21 448
22 24
22 87
23 27
23 39
23 57
23 63
23 64
23 74
23 90
24 32
24 81
24 83
24 87
24 101
24 152
25 45
25 57
25 110
25 123
26 88
26 92
26 934
26 966
27 37
27 101
27 660
28 32
28 71
28 72
28 81
29 111
29 244
30 48
31 63
31 79
31 88
31 91
31 125
32 87
32 120
32 398
33 35
33 43
33 54
33 63
33 78
33 115
34 216
35 68
35 104
35 109
35 116
36 56
36 92
36 100
37 61
37 65
37 116
37 859
38 93
38 95
38 680
39 47
40 47
40 79
40 86
40 95
40 112
40 118
41 58
41 78
41 663
42 53
42 81
42 695
43 489
43 554
44 49
44 102
44 104
45 67
45 106
45 111
45 122
45 689
46 118
46 125
47 101
47 111
47 124
48 80
48 92
48 96
48 117
50 80
50 124
50 556
50 731
51 69
51 104
51 901
52 57
52 67
52 70
52 74
52 79
52 90
52 97
52 114
52 118
52 364
53 266
54 57
54 83
54 95
54 98
56 969
57 65
57 75
57 122
58 78
58 97
58 112
58 121
58 761
60 85
60 95
61 76
61 88
61 111
63 64
63 85
63 105
64 71
64 72
64 119
64 199
65 72
65 74
65 75
65 87
65 161
65 201
66 119
66 152
66 296
66 765
67 122
68 92
68 98
69 98
70 525
70 694
72 118
72 125
72 956
73 80
73 99
73 576
75 112
76 113
76 123
76 500
77 101
77 474
78 83
78 107
78 445
80 109
80 790
81 85
82 668
83 112
83 122
83 222
83 812
84 99
85 88
85 101
85 112
85 867
86 408
86 482
87 107
87 113
87 116
87 121
87 748
88 112
88 116
88 240
88 565
89 101
90 113
90 120
90 844
91 112
91 118
91 124
93 115
93 117
97 109
98 103
98 303
99 125
99 660
100 830
101 117
101 486
102 123
102 125
102 249
103 210
104 121
105 123
106 119
106 120
106 249
107 594
110 112
110 116
111 119
111 125
112 120
116 546
118 120
119 557
119 788
120 686
121 998
122 123
122 124
122 487
124 190
124 292
126 134
126 135
126 159
126 196
126 598
127 157
127 175
127 211
127 218
127 234
128 133
128 146
128 167
128 183
128 209
128 221
128 241
129 203
129 228
130 154
130 216
130 232
130 804
131 136
131 155
131 157
131 221
131 240
132 159
132 163
132 258
132 316
132 944
133 143
133 146
133 186
133 212
133 234
133 250
133 348
134 141
134 191
134 208
134 235
134 682
135 157
135 215
136 171
136 173
136 182
136 188
136 197
137 203
137 218
138 142
138 179
138 186
138 187
138 202
139 141
139 151
139 153
139 161
139 178
139 207
139 221
139 236
139 596
140 155
140 158
140 203
140 996
141 188
141 213
142 147
142 158
142 164
142 181
142 193
142 207
142 229
143 176
143 674
144 199
144 200
144 224
144 238
145 167
145 455
146 154
146 170
146 181
146 197
146 240
146 495
147 246
148 149
148 152
148 177
148 184
148 197
148 201
148 541
148 892
149 181
149 243
149 809
150 155
150 221
150 228
150 229
150 232
151 172
151 177
151 194
151 240
152 178
152 216
152 219
152 238
152 239
153 243
153 569
154 189
154 193
154 231
154 888
155 191
155 235
156 210
156 225
156 234
156 663
157 181
157 192
157 205
157 220
157 224
158 207
158 224
158 246
159 160
159 196
159 216
160 175
160 278
161 176
161 185
161 221
161 231
161 242
162 182
162 200
162 202
162 216
162 232
163 170
163 194
163 243
163 456
163 633
163 917
164 217
164 220
165 166
165 204
165 227
166 196
166 210
169 230
169 240
169 242
169 244
170 193
171 180
171 199
172 191
172 194
172 202
173 249
173 776
173 788
174 204
174 210
174 240
175 184
175 186
175 192
175 198
175 232
176 199
176 208
176 236
178 188
178 227
178 249
178 250
179 188
179 191
179 407
179 436
179 547
179 561
180 199
180 202
180 249
180 768
182 220
182 231
182 237
183 196
183 233
184 187
184 193
184 196
184 214
184 220
185 210
185 227
185 234
186 202
186 228
186 846
187 190
187 192
187 228
187 233
187 235
187 268
187 928
188 195
188 206
188 224
191 233
191 235
192 210
192 480
194 221
195 241
196 375
196 793
197 225
197 228
198 240
199 209
199 212
199 224
199 233
199 980
200 336
201 247
202 229
202 235
203 247
206 215
206 229
206 445
207 405
209 234
210 225
210 227
210 228
210 232
211 250
212 222
215 217
215 220
215 229
216 223
216 225
216 248
216 314
217 225
218 248
218 399
218 679
219 240
219 632
220 223
220 530
221 588
222 777
223 998
225 249
226 244
226 919
228 244
228 246
229 243
233 245
233 309
233 985
235 246
235 250
238 247
239 769
240 501
240 933
243 625
250 558
250 610
250 687
250 809
251 371
252 266
252 278
252 280
252 307
252 317
252 325
252 352
252 732
253 319
253 347
253 365
253 368
254 262
254 272
254 330
254 337
254 339
254 371
255 281
256 282
256 285
256 305
256 341
256 350
257 280
257 322
257 341
257 359
258 259
258 351
259 273
259 284
259 299
259 323
260 278
260 303
260 362
260 708
261 262
261 277
261 289
261 302
261 305
261 320
261 364
262 263
262 271
262 316
263 293
263 300
263 326
264 297
264 315
264 317
264 335
264 360
264 364
265 333
265 365
265 375
265 569
266 343
266 347
266 369
266 483
266 706
267 327
267 344
267 359
267 506
267 612
268 303
268 314
268 321
268 455
269 361
269 593
270 284
270 285
270 296
270 299
270 329
270 333
270 335
270 336
270 349
270 370
271 291
271 310
271 329
271 692
272 277
272 301
272 320
273 301
273 320
273 324
273 334
273 363
274 337
274 343
274 367
275 308
275 342
275 368
276 310
276 314
276 345
277 291
277 293
277 374
277 445
278 286
278 296
278 303
278 315
278 328
278 344
278 346
278 357
278 358
278 368
279 293
279 305
279 316
279 323
279 340
279 345
279 368
279 375
280 311
280 325
280 349
280 381
281 306
281 316
281 363
281 740
282 294
282 313
282 340
282 345
282 354
282 357
282 361
282 734
283 351
283 366
283 534
283 621
284 315
284 327
284 343
284 669
285 315
285 331
285 343
285 369
286 325
286 350
286 353
286 761
287 298
287 305
287 316
287 334
287 335
287 336
288 291
288 309
288 333
288 726
289 321
289 328
289 368
290 302
290 303
290 305
290 371
291 422
292 349
292 355
293 309
293 351
293 375
294 303
294 323
294 358
294 364
295 299
295 496
296 300
296 307
296 312
296 332
296 342
297 338
297 341
297 349
297 366
298 319
298 347
298 353
299 333
299 357
301 334
301 353
301 573
302 329
302 351
302 361
302 370
303 343
303 368
304 316
304 350
304 408
305 314
305 321
306 364
307 329
307 331
307 339
308 309
308 319
308 338
308 340
308 367
308 371
309 317
309 341
310 367
311 312
311 327
311 348
312 324
312 342
312 366
312 373
313 317
313 331
313 336
313 343
313 353
313 536
314 319
314 327
315 319
316 369
316 375
317 325
317 327
317 334
317 341
318 361
319 343
319 352
319 354
319 374
319 534
320 364
321 368
322 328
322 353
323 367
324 338
324 361
325 359
325 606
325 680
326 980
327 351
327 622
328 353
328 357
328 611
328 918
330 374
331 332
331 348
333 343
333 368
333 371
334 372
335 347
335 415
336 341
336 356
336 551
337 341
337 361
338 347
338 355
339 356
340 351
341 349
341 353
341 489
342 344
344 350
344 363
344 371
344 861
345 349
347 430
348 366
349 357
350 355
350 356
350 465
351 358
351 370
352 553
352 795
352 841
353 355
353 370
354 355
354 356
354 358
357 375
358 372
371 588
376 461
376 475
376 482
376 486
376 995
377 395
377 403
377 435
377 484
378 404
378 407
378 460
378 461
378 488
378 490
379 427
379 457
379 876
380 419
380 420
380 446
380 450
380 487
381 396
381 428
381 431
381 918
382 388
382 421
382 438
382 444
382 457
382 468
383 395
383 406
383 465
384 400
384 402
384 433
385 408
385 452
385 474
387 409
387 454
387 477
388 416
388 485
389 393
389 451
389 452
389 454
389 919
389 988
390 418
390 437
390 439
390 463
390 468
390 475
391 394
391 399
391 404
391 413
391 426
391 452
391 472
391 492
392 415
392 457
392 476
392 492
393 409
393 413
393 473
393 494
394 414
394 440
394 441
394 442
394 771
395 406
395 408
395 415
395 486
396 402
396 421
396 429
396 432
396 434
396 436
396 459
396 469
396 740
397 432
397 443
397 457
397 468
398 430
398 439
398 449
398 655
399 416
399 417
399 450
399 459
399 482
399 491
400 406
400 438
400 477
400 491
401 427
401 443
401 476
401 499
402 463
402 471
403 430
403 435
403 447
403 465
404 416
404 475
405 414
405 426
406 438
406 446
406 472
406 480
406 592
407 441
407 455
408 430
408 432
408 447
408 467
408 500
409 446
409 467
410 425
410 434
410 452
411 418
411 419
411 466
412 416
412 420
412 425
412 432
412 445
412 477
412 481
412 494
412 498
413 431
413 434
413 466
414 439
414 447
414 465
414 474
415 441
415 447
415 484
415 491
416 445
416 447
416 467
417 423
417 484
417 498
418 429
418 444
418 461
418 479
420 480
421 442
421 449
421 479
422 430
422 468
423 426
423 470
423 474
423 486
423 907
424 446
424 457
424 472
424 478
426 461
426 471
426 490
426 497
426 616
427 431
427 439
427 488
427 491
428 433
428 454
428 478
428 494
429 442
429 450
429 479
429 485
430 445
430 456
430 468
430 477
430 480
430 482
431 462
431 464
431 474
432 446
434 460
434 489
434 494
435 442
435 447
435 461
435 472
436 477
436 481
436 484
436 788
437 438
437 441
437 470
437 477
438 451
438 453
438 480
439 494
440 477
440 594
441 477
441 499
442 454
442 475
442 485
443 484
443 494
445 457
445 468
445 864
446 453
446 474
446 476
448 460
449 463
451 483
451 489
451 492
452 463
452 498
453 471
454 469
454 492
455 479
455 495
455 498
456 621
456 733
457 474
457 881
458 548
459 460
460 484
461 464
461 466
461 494
461 572
464 482
466 470
466 475
466 485
466 737
466 922
468 482
469 777
470 484
470 493
472 473
472 496
473 479
473 484
473 749
474 542
474 828
475 479
475 480
477 480
478 484
478 491
479 480
479 496
479 497
482 487
482 497
484 895
485 491
485 494
486 498
486 586
487 492
487 860
488 492
488 494
489 494
492 527
496 608
497 882
499 500
500 645
501 616
502 558
502 609
502 906
503 512
503 519
503 533
503 538
503 544
503 567
503 573
503 598
503 608
503 790
504 508
504 510
504 532
504 546
504 554
504 597
504 601
504 602
504 907
505 513
505 537
505 542
506 523
506 531
506 553
506 592
506 666
507 516
507 557
507 560
507 577
507 619
507 854
508 536
508 557
508 574
509 607
510 548
510 553
510 602
511 523
511 601
511 615
511 618
511 625
512 539
512 547
512 557
512 922
513 533
513 580
513 594
513 624
514 567
514 588
514 652
515 524
515 540
515 562
515 565
515 575
515 590
515 606
515 818
516 573
517 532
517 595
517 609
518 522
518 546
518 555
518 562
518 574
518 593
518 609
519 530
519 531
519 587
519 599
519 624
520 522
520 567
520 586
520 606
521 531
521 535
521 548
521 561
521 581
521 856
522 526
522 577
522 578
523 620
524 526
524 558
524 566
524 574
525 592
525 611
525 621
525 809
526 546
526 560
526 593
526 612
526 617
526 726
527 541
527 547
527 548
527 574
528 555
528 566
529 611
529 684
529 810
530 535
530 537
530 545
530 548
530 568
530 615
530 617
531 564
531 584
531 592
531 612
532 588
533 571
533 575
534 555
534 568
534 569
534 580
534 625
535 556
535 575
535 594
535 608
536 548
536 558
537 538
537 541
537 601
538 548
538 553
539 876
540 564
540 595
540 597
540 602
540 610
540 611
540 615
541 566
541 568
541 571
541 601
542 576
543 550
543 561
543 589
543 599
543 623
544 553
544 570
544 600
545 581
545 600
545 601
545 606
546 618
546 882
547 561
547 612
548 599
548 609
549 558
550 603
551 554
551 603
552 558
552 602
552 616
552 623
553 557
554 557
554 570
554 578
554 595
554 615
554 617
555 619
556 582
556 594
557 586
557 594
557 679
558 596
558 621
558 710
559 574
559 586
559 612
560 562
560 577
560 599
560 608
560 614
561 583
562 578
562 586
562 592
562 596
563 570
564 601
564 615
564 655
564 728
565 612
566 569
566 578
566 582
566 596
567 573
567 620
568 605
568 612
569 576
569 608
569 612
570 624
571 588
571 599
571 931
572 589
572 596
572 600
573 583
573 594
574 578
574 584
574 603
574 604
574 608
575 577
575 625
576 603
576 616
577 590
577 618
578 584
578 609
578 610
580 600
580 603
580 612
580 615
581 616
582 598
583 594
583 597
583 984
584 625
585 607
586 589
586 601
586 614
586 713
586 909
587 595
587 602
587 622
588 595
588 619
588 625
589 608
589 613
589 916
589 925
590 592
590 613
591 604
592 608
592 615
593 599
593 606
595 603
595 623
595 624
596 597
596 618
596 819
596 985
597 601
599 602
599 622
600 603
600 616
601 810
602 605
602 607
602 608
602 614
603 623
605 607
606 612
608 938
610 622
611 625
612 658
613 789
614 616
614 622
614 874
616 617
620 886
626 630
626 692
626 700
626 731
627 674
627 739
628 684
629 655
629 698
629 722
630 634
630 651
630 667
630 688
630 734
631 655
631 657
631 699
631 703
631 706
631 736
631 755
632 658
632 659
632 720
632 945
632 967
633 644
633 688
633 749
634 666
634 683
634 716
634 735
634 739
634 800
635 662
635 744
636 638
636 647
636 705
636 724
636 745
637 658
637 694
637 707
637 739
637 743
637 746
638 658
638 709
638 723
639 669
639 747
639 750
640 663
640 730
641 643
641 653
641 686
641 721
642 683
642 702
642 707
642 724
642 733
642 740
642 956
643 657
643 672
643 684
643 704
643 727
644 697
644 725
645 666
645 702
645 713
645 714
646 680
646 696
646 717
646 719
647 747
647 992
648 664
648 670
648 687
648 714
648 737
649 676
649 718
649 749
650 659
650 676
650 727
651 653
651 708
651 804
652 722
653 674
653 683
653 688
653 704
653 733
654 677
654 685
654 691
655 669
655 709
656 698
656 727
657 691
657 701
658 659
658 701
658 714
658 745
659 683
659 719
659 733
660 715
660 722
660 728
661 663
662 714
662 718
662 727
663 670
663 674
663 718
663 738
664 693
664 698
664 700
664 701
664 725
664 727
665 677
665 687
666 722
667 678
667 702
667 711
667 716
667 737
667 943
668 708
668 721
668 742
668 856
669 675
669 691
669 748
670 678
670 694
670 705
670 708
670 710
670 735
670 738
670 749
671 706
671 732
671 782
672 682
672 683
672 684
672 690
672 705
672 719
673 696
674 725
674 736
674 747
674 748
675 748
676 695
676 859
677 683
677 685
677 709
677 710
677 743
677 770
678 679
678 716
678 746
679 700
679 717
679 731
679 742
679 902
680 688
680 729
681 701
681 712
681 713
681 714
681 739
682 683
682 721
682 953
683 705
684 744
685 723
685 727
686 699
686 700
686 739
687 717
687 734
687 740
688 699
689 701
690 695
690 700
691 702
691 788
692 699
692 736
692 739
692 806
693 700
693 712
693 741
694 703
694 712
694 717
694 723
694 739
694 866
695 696
695 697
695 700
695 978
696 712
696 922
697 713
697 739
698 712
698 730
698 737
699 700
699 716
699 728
699 748
700 747
702 727
702 733
702 748
703 710
703 724
704 709
705 743
705 787
706 708
707 726
710 724
710 797
711 726
711 737
712 723
712 983
713 745
714 720
714 731
715 745
715 984
716 717
716 719
716 921
717 791
718 743
718 744
719 743
721 731
723 732
724 730
726 731
726 741
727 747
728 744
728 749
731 739
737 738
739 750
740 743
740 969
743 745
745 845
746 827
751 770
751 786
751 815
751 851
752 810
752 824
752 853
752 986
753 759
753 780
753 833
753 835
753 854
754 771
754 807
754 869
755 756
755 814
755 843
755 855
755 870
756 808
757 768
757 775
757 778
757 824
758 767
758 796
758 803
758 820
758 837
758 841
758 858
759 778
759 799
759 825
760 775
760 786
760 801
760 809
760 834
761 861
762 788
762 861
762 871
763 792
763 841
763 875
764 814
764 852
764 859
764 867
765 798
765 818
765 827
765 846
765 905
766 807
766 835
766 842
767 780
767 791
767 797
767 854
767 860
767 872
768 826
768 838
768 871
769 790
769 829
769 841
769 858
770 786
770 792
770 798
770 804
770 811
770 834
770 854
771 776
771 804
771 828
771 844
772 776
772 778
772 781
772 827
772 838
772 851
772 852
772 870
773 803
773 805
773 817
773 857
773 933
774 792
774 864
775 836
775 868
775 875
776 779
776 807
777 794
777 841
777 854
777 860
778 793
778 810
779 790
779 837
779 850
779 868
780 835
780 872
781 782
781 788
781 815
781 871
782 791
782 794
782 812
782 853
782 863
782 962
783 804
785 813
785 824
785 843
786 824
786 833
786 860
786 872
787 793
787 801
787 833
788 795
788 820
788 858
788 865
788 875
789 808
789 816
789 855
790 854
790 864
790 868
791 809
791 848
792 805
792 809
792 828
792 846
793 807
794 866
795 797
795 844
796 806
796 820
797 848
797 865
797 866
798 802
798 813
798 826
798 863
799 828
800 802
800 811
800 818
800 820
800 833
800 834
800 875
801 806
801 817
801 829
801 832
802 829
802 856
802 867
803 809
803 838
804 806
804 808
804 870
805 862
805 864
806 834
807 825
807 851
807 874
808 831
808 851
809 851
809 871
810 811
810 820
810 855
810 859
810 863
811 816
811 866
811 871
811 875
812 827
812 839
812 845
812 851
812 876
813 859
813 867
814 818
814 829
814 837
814 840
814 842
815 819
815 822
815 823
815 834
815 861
816 818
816 825
816 830
816 847
817 818
817 858
817 872
817 874
818 829
818 831
818 850
818 869
819 824
819 848
819 874
822 844
822 854
822 855
823 844
823 853
823 858
823 859
823 871
825 866
826 845
826 874
828 844
828 874
830 835
830 840
830 869
831 835
833 835
833 845
833 846
833 905
834 844
834 854
834 862
836 843
836 875
837 860
838 842
838 860
838 873
838 875
839 841
839 861
840 841
840 845
841 853
841 857
841 875
841 958
842 862
842 868
845 858
845 859
846 872
847 854
848 963
849 855
850 855
852 858
853 854
855 857
855 861
855 864
855 886
856 871
859 864
861 870
861 875
861 881
862 867
876 947
876 967
876 976
876 977
876 983
876 997
877 919
877 925
877 942
879 913
879 947
880 897
880 901
880 952
880 969
880 982
880 991
882 892
882 902
882 958
882 964
882 976
883 974
884 904
884 931
884 945
884 965
884 999
885 895
885 948
885 958
885 968
886 904
886 907
886 908
886 937
886 984
886 1000
887 936
887 959
887 976
888 913
888 918
888 949
888 950
888 985
889 938
889 990
889 995
890 906
890 925
890 949
890 973
890 983
891 909
891 913
891 924
891 992
892 943
892 970
892 990
894 996
895 900
895 912
895 938
896 897
896 902
896 993
897 904
897 913
897 925
897 973
898 917
898 945
898 966
898 969
898 978
898 982
899 903
899 960
899 990
899 994
900 912
900 919
900 939
900 946
902 954
903 926
903 962
903 976
903 997
904 928
904 998
905 943
905 949
905 976
905 977
906 909
906 971
906 973
907 940
907 1000
908 918
908 951
909 973
910 917
910 959
910 989
911 942
912 929
912 935
912 1000
913 946
913 980
913 981
914 928
914 930
914 966
914 987
914 995
915 940
915 941
915 953
916 923
916 924
917 982
917 985
920 973
920 987
921 950
921 954
921 998
922 944
922 950
922 958
922 966
922 980
923 940
923 941
923 963
924 973
925 926
925 936
925 964
925 971
925 990
925 1000
926 946
927 933
929 942
929 946
930 950
930 956
930 969
930 975
930 980
930 982
931 971
932 966
932 980
932 981
932 983
932 998
933 940
933 955
933 972
933 977
934 950
934 996
935 952
935 988
936 987
937 949
937 961
937 965
938 959
938 986
938 993
939 949
939 965
939 981
940 950
940 963
941 956
941 979
942 948
942 966
942 980
944 955
944 995
945 969
945 982
945 986
945 1000
946 968
946 996
948 956
949 996
950 962
950 975
950 990
951 953
951 964
951 990
952 962
952 995
953 957
953 958
953 1000
954 963
954 972
954 1000
955 987
956 979
956 985
957 967
958 994
959 979
959 985
962 964
963 986
963 995
965 985
967 980
967 992
967 994
968 981
968 989
969 985
969 992
969 999
969 1000
970 977
972 994
973 998
974 987
975 980
975 987
975 993
976 981
977 988
978 997
979 993
984 985
984 995
987 998
988 994
993 998
