1 2
1 30
1 77
1 109
1 851
2 15
2 24
2 32
2 33
2 56
2 95
2 110
2 827
3 35
3 38
3 66
3 121
3 691
4 26
4 73
4 82
4 85
4 112
5 8
5 32
5 39
5 78
5 87
5 105
6 74
6 76
6 92
6 96
6 839
7 38
7 56
7 71
7 100
7 107
7 111
7 123
7 777
8 40
8 58
8 101
8 104
9 47
9 122
9 862
9 939
10 82
10 84
10 928
11 33
11 53
11 76
11 85
11 88
12 26
12 61
12 74
12 108
12 362
13 19
13 58
13 59
13 109
13 115
13 171
14 63
14 69
14 77
14 98
15 61
15 97
16 46
16 53
16 56
16 72
16 121
17 35
17 47
17 71
17 120
17 545
18 69
18 89
18 96
18 116
19 33
19 45
19 59
19 71
19 75
19 87
19 97
19 121
19 123
20 31
20 47
20 85
20 778
20 990
21 38
21 100
21 115
21 121
22 35
22 49
22 77
22 125
22 658
23 30
23 121
24 36
24 104
24 105
25 48
25 66
25 72
25 79
25 87
25 100
25 106
25 462
26 29
26 68
26 108
26 122
27 47
27 61
27 115
27 371
27 890
28 33
28 35
28 36
28 560
28 935
29 38
29 48
29 49
29 67
29 117
30 60
30 67
31 36
31 88
31 97
31 310
32 40
32 56
32 118
32 525
33 47
33 57
33 60
33 103
33 114
33 214
33 644
33 723
34 38
34 59
34 61
34 96
34 109
34 119
34 216
35 60
35 63
35 96
35 99
35 110
35 220
35 715
35 982
36 58
37 43
37 59
37 68
37 94
37 100
37 110
37 311
38 43
38 62
38 240
39 52
39 63
39 71
39 72
39 75
39 109
40 72
40 107
40 116
40 303
41 56
41 78
41 79
41 83
41 84
41 93
42 77
42 83
42 86
42 114
42 124
42 812
43 48
43 64
43 72
43 90
43 98
43 451
44 69
44 113
44 646
45 64
45 65
45 74
45 83
45 92
45 873
46 53
46 56
46 576
47 55
47 65
47 76
48 96
49 88
49 97
49 101
49 125
49 708
51 52
51 68
51 99
51 115
51 117
51 840
52 99
52 124
52 254
53 71
53 577
53 816
54 55
54 124
54 378
56 123
56 124
57 60
57 68
57 105
57 236
58 102
58 749
59 91
60 107
61 78
61 85
61 112
61 436
62 108
63 72
64 79
64 80
64 124
64 914
65 85
65 93
66 80
66 99
66 116
67 76
67 125
68 117
69 75
69 84
69 86
69 664
70 99
70 101
70 109
71 82
71 86
71 92
71 103
71 105
71 962
72 95
72 124
72 447
72 826
73 115
74 90
74 98
75 405
76 103
76 497
77 125
79 289
80 179
80 953
81 89
81 94
81 102
81 104
81 121
82 108
83 119
83 865
84 98
85 94
85 100
85 121
86 88
86 89
86 99
86 402
87 105
87 116
87 118
88 105
88 552
90 92
91 92
91 421
91 859
92 103
93 116
94 101
95 98
95 297
95 927
96 97
96 105
96 124
96 126
98 123
98 124
99 118
100 104
100 112
101 893
102 792
103 118
103 625
104 106
104 115
104 125
105 784
106 125
108 679
109 117
109 120
110 112
110 513
110 533
110 552
112 117
113 120
113 331
116 944
119 125
120 490
124 125
126 128
126 204
127 231
128 153
129 152
129 182
129 198
129 203
129 248
130 155
130 169
130 177
130 578
131 141
131 144
131 148
131 152
131 153
131 170
131 183
131 202
131 233
131 234
131 240
131 244
132 206
132 237
132 476
132 715
133 190
134 141
134 167
134 168
134 189
134 194
134 202
134 206
134 207
134 211
134 225
134 237
134 837
135 138
135 139
135 144
135 170
135 193
135 194
135 244
136 144
136 168
136 201
136 244
136 454
137 184
137 203
137 209
137 241
138 156
138 170
138 195
138 215
139 142
139 153
139 188
139 216
140 143
140 182
140 229
140 245
140 249
141 153
141 221
141 224
141 245
142 151
142 168
142 175
142 197
142 236
142 249
143 147
143 148
143 232
143 245
144 216
144 230
144 601
145 149
145 194
145 214
145 241
145 245
146 188
147 158
147 203
147 237
148 193
148 200
148 249
148 908
149 214
149 767
150 176
150 190
150 192
150 229
151 197
151 204
152 157
152 164
152 229
153 223
153 236
153 622
154 187
154 235
155 187
155 221
155 245
155 597
156 213
157 234
157 238
157 245
158 220
158 244
158 249
158 804
158 920
159 195
159 204
159 235
159 671
160 175
160 181
160 204
160 208
160 213
160 239
161 196
161 237
161 247
162 167
163 178
163 182
164 218
164 239
166 172
166 174
166 211
166 239
167 171
167 191
167 217
167 227
167 591
167 613
168 188
168 245
169 232
169 791
170 180
170 244
170 403
170 472
170 478
171 193
171 207
171 238
172 178
172 190
172 208
172 657
173 207
174 197
174 218
174 219
174 231
174 240
175 203
175 225
175 245
175 482
176 197
176 203
176 204
176 665
177 182
177 229
178 183
178 191
178 214
178 234
178 246
178 656
179 214
179 236
179 247
180 192
180 204
180 208
180 213
180 224
181 222
181 567
181 970
182 218
182 247
182 480
183 198
183 200
183 215
183 235
183 238
183 239
184 219
184 441
185 214
186 525
187 212
187 238
188 214
188 239
188 386
189 225
189 746
189 880
190 228
190 558
191 224
191 831
192 197
193 249
193 438
194 204
194 206
194 216
194 225
194 240
194 244
194 250
195 238
195 451
196 841
198 225
198 231
198 246
198 589
199 223
199 227
199 876
200 207
200 218
201 213
201 216
201 243
201 245
202 211
202 248
203 205
203 239
203 242
205 210
205 211
205 212
206 233
206 247
207 229
207 237
207 238
207 241
207 248
208 217
210 232
211 224
212 315
212 803
213 580
214 223
215 227
215 497
216 232
217 227
218 643
218 953
219 226
219 238
219 242
219 420
219 972
220 226
222 224
222 225
222 818
225 376
225 618
228 235
228 630
230 381
231 234
231 243
231 883
232 238
234 658
236 242
236 244
236 439
236 499
237 250
237 935
240 247
240 248
240 271
240 964
242 625
245 247
249 304
249 392
250 311
251 276
251 319
251 322
252 314
252 346
252 350
252 368
253 268
253 294
253 308
253 325
253 338
253 750
254 278
254 280
254 297
254 306
254 915
255 274
255 276
255 306
255 315
255 325
255 374
256 267
256 301
256 354
256 370
256 731
257 280
257 299
257 300
257 302
257 303
257 325
257 334
257 344
258 259
258 262
258 267
258 272
258 336
258 347
258 630
259 300
259 334
260 267
260 283
260 365
260 371
261 265
261 284
261 324
261 367
261 401
262 268
262 279
262 364
263 268
263 320
263 343
264 276
264 301
264 318
264 362
265 327
265 813
266 286
266 323
266 344
266 375
266 714
267 275
267 288
267 330
268 289
268 318
268 346
268 366
269 312
269 314
269 325
269 354
269 415
269 526
269 947
270 298
270 328
270 335
270 375
270 846
271 282
271 346
271 556
272 302
272 320
272 354
273 278
273 311
273 341
273 349
273 363
274 305
275 277
275 295
275 303
276 288
276 347
277 297
277 305
277 309
277 327
277 361
277 370
278 279
278 292
278 297
278 330
278 338
278 515
279 283
280 324
280 332
280 346
280 979
281 316
281 322
281 343
281 368
282 318
282 329
282 334
282 826
282 994
283 301
283 329
283 548
284 285
284 286
284 340
284 345
284 363
284 369
285 289
285 349
285 371
285 809
285 843
286 299
286 340
286 368
286 371
286 374
287 334
287 340
287 368
287 983
288 318
288 351
288 374
289 303
289 501
290 295
290 306
290 368
291 295
291 310
291 325
291 363
291 698
292 339
292 369
292 971
293 302
293 308
294 296
294 298
294 307
294 338
294 339
295 365
295 367
296 352
296 364
297 308
297 322
297 323
297 990
298 507
299 360
300 308
300 362
300 538
301 304
301 335
302 315
302 323
302 348
302 351
302 363
302 451
302 601
303 310
303 317
303 326
303 335
303 336
303 346
303 352
304 329
304 430
304 860
305 339
305 340
305 344
305 373
306 331
306 336
306 337
306 346
306 366
307 329
307 335
307 362
307 585
308 316
308 683
308 831
308 983
309 330
309 335
309 714
310 335
310 479
311 343
311 351
311 749
311 877
312 600
314 316
314 326
314 370
315 327
315 358
316 352
316 472
317 333
317 362
318 323
318 465
319 324
319 366
320 329
320 336
320 340
321 335
321 375
322 331
322 336
322 426
323 374
323 910
324 340
324 353
324 644
325 363
325 740
326 706
327 350
327 352
327 355
327 356
328 354
329 358
329 359
329 361
330 347
330 350
331 339
331 342
332 361
332 366
332 368
333 344
333 363
333 368
333 495
333 864
334 346
334 369
335 358
336 340
337 349
337 351
337 961
338 358
339 341
339 350
340 347
340 841
341 422
341 632
342 840
343 692
343 997
345 369
347 348
347 356
347 989
348 363
348 462
348 985
349 353
349 370
351 355
351 370
351 830
353 367
353 369
353 828
354 356
355 363
356 366
358 375
358 727
359 879
360 748
361 362
362 363
362 963
363 375
365 897
366 688
368 369
371 487
371 557
372 388
373 375
373 995
376 417
376 438
376 450
376 460
376 484
376 487
377 404
377 435
377 454
377 455
377 477
377 480
377 500
378 390
378 408
378 411
378 429
378 461
378 542
379 386
379 460
379 469
379 637
380 400
380 410
380 437
380 446
380 448
380 461
380 499
381 405
381 434
381 444
381 453
381 500
382 409
382 413
382 414
382 440
382 470
383 392
383 411
383 422
383 433
384 386
384 428
384 432
384 463
384 471
384 481
384 493
384 679
385 436
385 487
385 738
386 482
387 388
387 408
387 411
387 420
387 430
387 431
387 448
387 471
387 484
387 485
388 419
388 432
388 452
388 500
389 432
389 460
389 468
389 824
390 412
390 414
390 449
390 484
390 487
390 625
391 413
391 429
391 452
391 478
391 496
392 402
392 404
392 495
393 410
393 430
393 464
393 472
393 714
393 802
394 398
394 444
394 462
394 484
395 453
395 476
395 483
395 488
396 936
397 398
397 439
398 407
398 429
398 484
398 494
398 878
399 424
399 439
399 442
399 471
399 498
399 771
400 446
400 454
400 481
401 471
401 482
402 411
402 412
402 462
402 463
402 486
402 491
403 406
403 426
403 457
403 474
403 481
405 437
405 471
405 479
405 485
405 487
406 423
406 429
406 468
406 482
406 489
407 445
407 462
407 463
407 471
407 474
407 476
407 495
408 432
408 435
408 440
408 464
408 669
409 471
409 484
409 487
409 674
410 421
410 440
410 463
410 487
410 952
411 423
411 434
411 436
411 447
412 435
412 478
412 479
413 463
413 804
414 432
414 463
414 484
415 434
415 458
415 466
415 496
416 431
416 475
417 459
418 419
418 423
418 428
418 429
418 432
418 466
418 469
418 497
418 539
419 441
419 461
419 473
419 496
419 497
420 456
420 462
420 487
421 477
421 481
421 500
423 460
424 468
424 472
424 486
426 427
426 437
426 464
426 478
426 484
426 488
426 489
426 552
427 433
427 449
427 478
427 479
427 486
428 432
428 456
428 480
428 482
428 489
428 802
429 492
430 449
430 466
430 471
431 441
431 458
431 459
433 434
433 436
434 441
434 451
435 438
435 442
435 457
435 468
435 489
435 496
436 481
436 649
438 484
438 486
438 490
439 445
439 454
439 475
439 485
440 455
440 500
440 610
441 452
441 458
442 463
442 482
442 489
443 449
443 457
443 462
444 482
444 491
444 941
447 493
447 498
447 552
449 498
449 500
450 467
450 494
451 456
451 465
451 472
451 491
452 480
452 499
453 462
453 483
453 775
454 463
454 478
456 460
456 473
456 480
457 847
458 469
459 470
459 472
459 480
459 500
460 468
460 498
462 494
463 468
463 883
463 894
464 480
464 495
464 500
464 604
465 489
465 497
467 469
467 472
467 500
467 779
468 472
468 497
468 839
469 960
470 491
471 485
471 491
471 603
472 490
472 498
472 935
473 479
473 484
473 497
474 485
474 496
474 674
474 802
475 495
476 481
478 482
478 493
479 482
479 483
479 492
481 486
485 497
485 579
489 614
489 970
490 491
493 512
493 776
497 891
501 547
501 590
501 591
501 603
501 614
501 625
502 512
502 541
502 547
502 556
503 514
503 521
503 539
503 781
504 506
504 526
504 536
504 578
504 813
504 951
505 512
505 516
505 526
505 548
505 558
505 559
505 591
505 616
506 516
506 521
506 535
506 589
506 611
506 753
507 533
507 540
507 543
507 555
507 560
507 569
507 582
507 592
507 597
507 601
507 611
507 614
507 619
508 515
508 549
508 619
509 531
509 560
509 568
509 597
510 522
510 572
510 592
510 607
510 629
511 518
511 570
511 590
511 595
511 600
512 513
512 575
512 592
512 609
513 536
513 537
513 542
513 582
513 601
513 614
513 730
513 926
514 532
514 549
514 552
514 553
515 547
515 583
515 595
516 535
516 538
516 599
516 615
517 525
517 555
517 571
518 522
518 535
518 540
518 542
518 549
518 584
518 593
518 615
519 531
519 553
519 557
519 570
519 609
519 619
519 735
520 547
520 566
520 581
520 594
520 605
520 616
521 528
521 610
521 617
521 621
521 645
521 654
522 547
522 591
522 625
523 547
523 551
523 584
523 599
523 601
523 602
523 607
523 622
524 538
524 558
524 593
525 582
525 589
525 615
526 569
526 576
526 597
526 605
527 604
527 621
528 579
529 562
529 568
529 572
529 608
529 620
530 563
530 576
530 579
530 594
530 622
531 602
531 606
532 588
532 627
532 645
532 676
533 572
533 598
534 551
534 577
534 617
535 559
535 566
535 586
535 594
535 819
536 548
536 609
537 612
537 618
538 542
538 547
538 558
538 564
538 606
538 610
538 856
539 568
539 620
539 621
540 576
540 591
540 610
540 615
541 570
541 606
541 616
541 622
542 564
543 685
544 555
544 576
544 586
544 601
544 610
544 613
545 560
545 575
545 587
545 595
545 605
545 615
546 576
546 605
546 616
546 623
547 579
547 589
547 595
548 578
548 611
549 556
549 568
549 575
549 578
549 580
549 624
550 558
550 581
550 583
550 605
550 621
551 566
551 602
551 618
552 569
552 598
552 602
552 615
553 581
553 606
553 607
553 638
554 567
554 592
554 610
554 895
555 575
555 589
555 595
555 604
555 619
555 625
555 819
556 566
556 579
557 563
557 564
557 589
557 603
558 564
558 573
558 579
558 591
558 617
559 568
559 583
559 593
560 585
561 604
561 624
562 612
562 874
563 585
563 616
564 576
564 603
565 571
565 618
566 575
566 577
566 589
566 618
569 571
569 596
569 621
570 574
570 597
571 579
571 622
572 590
573 574
573 577
573 592
573 620
574 615
575 621
576 579
576 589
576 607
576 621
577 590
578 583
578 613
578 617
578 622
578 623
578 765
579 600
580 612
582 606
583 608
583 621
585 592
585 600
585 618
586 592
586 623
586 905
587 591
587 594
588 599
589 613
589 916
591 616
591 624
593 595
593 615
597 616
597 623
597 665
598 610
602 613
602 623
606 621
606 622
607 625
608 617
608 917
609 615
612 629
613 617
618 622
619 622
619 625
619 835
620 776
621 623
626 666
626 672
626 706
627 696
627 702
627 729
628 677
628 721
629 700
629 708
629 729
630 639
630 689
630 690
630 707
630 710
630 714
630 721
631 643
631 683
631 692
631 743
632 662
632 701
632 706
632 737
633 639
633 645
633 649
633 686
633 731
633 745
634 675
634 699
634 705
634 709
634 739
634 743
635 642
635 645
635 649
635 673
635 687
636 641
636 646
636 671
636 685
636 687
637 666
637 714
637 720
637 745
637 748
638 657
638 668
638 693
638 726
639 710
639 722
639 765
641 649
641 716
641 722
642 712
642 833
643 658
643 710
644 737
644 740
644 756
645 650
645 656
645 677
645 682
645 713
645 715
645 744
646 657
646 671
646 700
646 728
646 733
647 648
647 651
647 670
647 676
647 719
648 666
648 674
648 679
648 731
648 750
649 677
649 710
649 747
650 662
650 671
650 672
650 678
650 700
650 708
650 713
650 716
650 728
650 748
651 701
651 944
652 667
652 671
652 693
652 710
652 739
652 748
653 685
653 698
653 729
653 741
653 743
654 655
654 668
654 698
654 724
655 698
655 716
656 659
656 660
656 690
657 724
657 741
657 747
658 670
658 682
658 691
658 743
658 962
659 723
659 853
660 664
660 694
660 696
660 741
660 749
661 665
661 681
661 685
661 696
661 699
661 702
661 730
662 676
662 707
662 718
662 732
663 706
663 721
663 733
664 698
664 699
664 711
665 681
665 698
665 707
666 703
667 694
668 708
668 724
668 726
668 742
668 748
669 671
669 690
669 698
669 728
669 742
670 672
670 716
670 743
671 687
671 703
671 718
671 744
671 747
671 894
672 674
672 713
672 735
672 736
672 744
673 693
673 708
673 733
673 734
674 703
674 706
674 708
674 737
677 694
677 741
678 698
678 700
679 705
679 717
679 956
680 702
680 707
680 739
680 750
682 695
682 741
683 715
684 745
685 723
686 690
686 701
687 707
687 723
687 724
688 710
688 721
689 691
689 693
690 732
690 746
691 732
692 693
692 723
692 727
692 747
693 699
694 704
694 750
695 705
695 711
695 738
696 708
698 699
698 714
698 731
698 745
700 705
701 750
704 736
704 741
704 750
705 729
705 734
706 707
706 711
706 733
706 738
706 742
708 725
710 719
710 731
710 737
711 732
711 740
712 720
712 738
712 739
713 716
713 735
714 747
715 739
716 719
717 723
717 745
718 724
718 733
719 734
719 736
719 749
720 735
720 748
723 726
723 741
725 734
726 746
730 742
731 737
731 742
731 748
732 938
733 737
738 741
741 742
741 819
745 748
751 838
751 843
751 858
751 869
752 768
752 831
752 834
752 853
753 800
753 848
754 779
754 835
754 865
755 773
755 792
755 793
755 801
755 812
755 852
756 765
756 768
756 771
756 811
756 831
756 846
756 864
757 795
757 802
757 821
757 832
757 843
757 869
758 781
758 793
758 802
758 807
758 835
758 845
758 848
758 854
758 863
759 828
759 846
759 861
759 870
760 794
760 862
761 771
761 798
761 832
762 795
762 803
762 859
763 807
763 838
763 874
764 823
764 841
764 861
765 792
765 818
765 862
766 772
766 797
766 801
766 813
766 846
766 868
766 931
767 772
767 810
767 894
768 772
768 823
768 875
769 796
769 834
770 801
770 853
771 775
772 773
772 787
772 805
772 858
773 774
773 792
774 778
774 808
774 821
774 834
774 859
775 862
776 793
776 839
777 835
778 808
779 821
780 782
780 813
780 827
780 870
781 807
781 838
781 857
782 797
782 799
782 873
783 786
783 791
783 828
784 842
784 858
785 815
785 863
786 788
786 822
786 851
786 856
787 789
787 796
787 815
787 834
787 844
787 849
788 818
788 830
788 856
788 875
789 802
789 822
789 875
789 952
790 799
790 847
790 854
790 861
792 828
792 832
793 837
793 849
793 857
793 858
794 804
794 813
794 859
794 869
795 796
795 802
795 828
795 847
795 857
796 849
797 834
797 843
798 824
798 832
799 807
799 819
799 838
800 803
800 826
800 827
801 818
802 822
802 824
802 849
802 852
802 862
803 871
804 855
805 808
805 819
805 831
805 837
805 861
805 866
805 869
806 842
806 869
806 873
807 838
807 856
809 817
809 846
810 842
810 848
810 860
810 864
810 875
811 837
811 860
812 841
813 856
813 871
814 846
814 860
814 861
814 863
814 869
814 873
815 853
816 916
817 835
817 839
818 827
818 828
818 835
819 851
820 849
820 852
820 854
820 862
821 831
821 849
821 854
822 936
823 826
823 868
824 868
824 869
825 826
825 869
826 838
826 840
826 847
826 856
826 863
827 836
828 867
829 856
829 949
830 838
830 848
830 873
831 859
831 864
831 872
833 842
833 846
833 853
833 872
835 866
836 864
836 871
836 875
837 838
837 868
843 866
844 925
845 871
847 866
847 873
848 858
848 862
849 855
849 901
851 852
851 864
851 870
853 916
854 870
856 861
859 863
860 863
861 866
865 868
869 871
869 875
875 977
876 905
876 914
876 915
876 953
876 976
876 996
877 878
877 904
877 937
877 939
877 944
877 955
877 970
878 897
878 907
878 909
878 985
879 888
879 892
879 895
879 900
879 902
879 904
879 923
879 934
880 883
880 984
880 988
881 948
882 935
882 954
882 997
883 914
883 953
884 927
884 986
884 992
884 1000
885 913
885 930
885 948
885 955
885 957
885 975
885 984
886 891
886 940
887 899
887 927
887 928
888 996
888 997
889 916
889 949
890 895
890 916
890 939
890 979
891 894
891 896
891 898
891 979
891 994
892 924
893 909
893 917
893 956
893 990
893 992
893 995
893 997
894 906
894 938
895 898
895 961
895 990
895 1000
896 900
896 905
896 907
896 910
896 922
896 948
896 976
897 899
897 935
898 899
898 906
898 935
898 953
898 962
898 965
898 991
899 909
899 920
899 921
899 929
899 930
899 939
899 945
899 993
899 995
900 917
900 935
900 957
900 979
901 911
901 918
901 919
901 929
901 943
901 968
901 969
901 974
901 991
902 928
902 937
902 964
902 981
902 982
903 913
903 936
903 978
903 990
903 993
904 967
904 991
905 935
905 961
905 964
906 949
906 955
906 983
907 909
907 947
907 969
907 973
907 989
907 996
908 919
908 951
908 981
908 983
908 989
909 915
909 929
909 977
909 979
909 990
909 995
910 954
910 980
911 937
911 952
911 979
911 982
912 917
912 923
912 985
913 925
913 949
913 983
914 972
914 999
915 916
915 934
915 960
915 973
916 922
917 965
918 929
918 933
919 932
919 974
920 950
920 955
920 989
920 995
921 926
921 944
921 997
922 928
922 958
922 999
923 955
925 949
925 972
926 968
926 976
926 996
927 936
927 950
927 987
928 946
928 995
928 999
929 946
929 951
929 955
929 966
929 993
930 980
931 988
932 992
932 995
932 1000
933 964
934 936
934 954
934 991
934 999
935 936
935 958
935 971
935 981
935 991
936 938
936 941
936 949
936 978
937 950
937 996
939 944
939 954
939 992
939 1000
940 962
940 971
940 998
941 974
941 986
942 975
942 987
943 973
944 986
945 983
947 949
947 961
949 975
950 962
950 973
951 975
952 993
953 975
955 966
955 975
957 960
957 988
958 960
959 962
959 983
961 967
961 972
962 988
963 991
964 976
965 969
967 993
967 994
968 972
968 977
968 986
970 975
970 981
971 974
972 973
975 996
980 988
980 989
981 982
984 990
985 994
985 996
986 992
987 992
990 998
991 998
992 995
