1 5
1 35
1 54
1 78
1 80
1 90
1 110
1 112
1 116
1 117
1 254
1 288
2 3
2 12
2 28
2 32
2 39
2 54
2 57
2 66
2 101
2 113
3 28
3 33
3 42
3 50
3 57
3 62
3 64
3 69
3 82
3 280
3 527
3 589
4 17
4 27
4 45
4 52
4 76
4 87
4 97
4 800
5 18
5 27
5 39
5 53
5 54
5 82
5 84
5 94
5 114
5 121
6 30
6 35
6 37
6 48
6 49
6 56
6 70
6 81
6 83
6 85
6 89
6 101
6 120
7 30
7 32
7 84
7 98
7 112
7 116
7 122
7 125
8 9
8 32
8 51
8 82
8 96
8 98
8 120
8 199
8 924
9 20
9 27
9 30
9 57
9 62
9 66
9 81
9 95
9 114
9 154
10 44
10 45
10 52
10 60
10 70
10 119
11 13
11 17
11 27
11 30
11 51
11 57
11 58
11 59
11 71
11 73
11 84
11 97
11 98
11 113
11 116
11 506
12 15
12 18
12 38
12 52
12 73
12 79
12 89
12 101
12 105
12 524
13 25
13 31
13 36
13 49
13 76
13 79
13 98
13 102
14 18
14 27
14 52
14 75
14 76
14 78
14 87
14 100
14 115
14 119
14 122
14 123
14 319
14 338
15 21
15 35
15 44
15 56
15 66
15 77
15 78
15 87
15 91
15 111
15 114
15 665
16 85
16 92
16 94
16 100
16 115
16 663
17 28
17 36
17 52
17 57
17 80
17 277
18 83
18 106
18 486
18 688
19 57
19 89
19 108
19 110
19 111
19 359
20 29
20 34
20 58
20 83
20 115
21 32
21 47
21 53
21 75
21 111
21 116
21 124
21 308
21 427
21 905
22 33
22 39
22 47
22 48
22 56
22 60
22 70
22 93
22 102
22 109
22 116
22 733
22 840
23 24
23 26
23 42
23 59
23 62
23 93
23 98
23 103
23 110
24 35
24 39
24 40
24 43
24 78
24 117
24 120
25 45
25 58
25 59
25 87
25 119
26 27
26 55
26 64
26 68
26 72
26 81
26 108
26 591
27 46
27 50
27 51
27 85
27 92
27 108
27 114
27 121
28 44
28 80
28 83
28 87
28 101
28 102
29 33
29 34
29 38
29 43
29 59
29 85
29 96
29 100
29 104
29 115
29 782
30 32
30 50
30 75
30 84
30 93
30 101
30 106
30 112
30 119
31 35
31 57
31 58
31 96
31 114
31 118
31 244
31 413
31 459
32 44
32 49
32 53
32 55
32 57
32 76
32 102
32 142
33 47
33 53
33 71
33 95
33 116
33 122
34 42
34 46
34 59
34 78
34 89
34 90
34 121
35 36
35 52
35 70
35 79
35 108
35 109
35 311
36 90
36 100
36 102
36 114
37 65
37 70
37 73
37 114
37 121
37 293
38 44
38 71
38 99
38 112
38 120
38 386
39 63
39 75
39 112
39 319
39 570
40 55
40 61
40 118
40 136
40 609
41 53
41 68
41 77
41 99
41 101
41 103
41 116
41 118
41 223
42 45
42 64
42 67
42 72
42 83
42 110
42 123
43 115
43 123
43 125
43 960
44 60
44 74
44 78
44 87
44 107
44 692
44 786
44 950
45 62
45 80
45 103
45 105
45 119
45 253
46 75
46 94
46 101
46 107
46 109
46 112
47 63
47 76
47 104
47 117
47 119
48 58
48 64
48 74
48 81
48 95
48 105
49 56
49 92
49 113
49 117
49 122
49 737
49 746
49 894
50 56
50 64
50 75
50 86
50 112
50 114
50 116
50 123
50 693
50 886
51 53
51 61
51 63
51 104
51 124
51 168
51 273
51 355
52 54
52 56
52 63
52 73
52 74
52 90
52 197
52 547
53 57
53 67
53 73
53 78
53 81
53 115
53 118
54 80
54 81
54 85
54 113
54 704
55 97
55 100
56 65
56 68
56 69
56 73
56 80
56 121
56 469
56 1000
57 61
57 63
57 111
57 250
57 391
58 70
58 81
58 113
58 719
58 910
59 66
59 68
59 77
59 101
59 102
59 108
59 112
59 115
59 839
60 113
60 121
61 62
61 63
61 77
61 80
61 101
61 104
61 118
61 121
61 122
61 237
61 745
62 74
62 104
62 112
62 445
62 887
63 67
63 84
63 110
63 616
64 98
64 104
64 124
65 68
65 89
65 109
65 116
65 479
66 76
66 107
66 113
66 523
67 73
67 93
67 699
67 905
68 109
68 566
69 102
69 118
69 123
69 165
70 80
70 90
70 92
70 94
70 95
70 294
70 724
71 123
71 126
72 80
72 82
72 84
72 945
73 89
73 531
73 616
74 75
74 88
74 113
74 397
74 826
75 77
75 100
75 118
75 120
76 79
76 89
76 110
76 112
76 115
76 120
77 101
77 105
77 698
78 94
78 117
78 310
79 86
79 539
79 637
79 905
80 96
80 101
80 368
80 677
80 839
81 82
81 86
81 101
81 109
82 91
82 92
82 93
82 105
83 106
83 119
83 123
83 894
84 92
84 118
84 119
84 861
84 986
85 88
85 98
85 637
86 88
86 269
87 98
87 104
87 109
87 116
88 95
88 100
88 112
89 90
89 99
89 113
90 92
90 119
90 376
92 98
92 103
92 118
92 120
92 122
92 123
92 691
93 118
93 124
94 105
94 107
94 109
94 114
94 122
94 125
94 462
94 863
95 104
95 107
96 111
96 114
96 129
96 738
96 788
97 101
97 108
98 104
98 105
98 113
99 105
99 123
100 114
100 117
100 125
100 251
101 103
101 117
102 106
104 107
104 114
104 193
104 905
105 109
105 125
106 120
107 122
107 123
110 118
111 123
112 563
113 116
113 117
114 124
115 119
116 119
116 120
116 723
117 120
117 457
117 503
117 607
119 441
119 919
120 957
121 365
121 430
125 680
126 130
126 148
126 165
126 169
126 191
126 203
126 460
127 157
127 162
127 166
127 175
127 181
127 185
127 186
127 192
127 210
127 211
127 215
127 224
127 240
128 133
128 141
128 150
128 151
128 155
128 161
128 166
128 194
128 203
128 205
128 211
128 226
128 229
129 188
129 192
129 199
129 204
129 205
129 217
129 238
129 240
129 241
130 149
130 152
130 177
130 213
130 220
130 235
130 614
130 797
131 141
131 151
131 161
131 162
131 185
131 201
131 235
132 167
132 181
132 200
132 206
132 207
132 217
132 220
132 225
132 226
132 238
132 242
132 732
133 148
133 164
133 167
133 175
133 184
133 206
133 219
133 227
133 232
133 240
133 246
133 692
134 155
134 180
134 209
134 249
134 250
134 511
134 516
134 636
135 149
135 151
135 154
135 209
135 218
135 246
135 530
135 898
136 140
136 141
136 144
136 182
136 184
136 192
136 204
136 212
136 248
137 153
137 176
137 177
137 179
137 204
137 206
137 232
137 239
137 527
138 157
138 166
138 168
138 176
138 180
138 189
138 197
138 212
138 218
138 222
139 164
139 165
139 167
139 180
139 193
139 227
139 232
139 241
139 242
139 676
140 152
140 164
140 188
140 192
140 194
140 210
140 221
140 223
140 250
140 882
141 151
141 152
141 169
141 190
141 194
141 211
141 221
141 229
141 614
142 148
142 159
142 169
142 176
142 180
142 183
142 191
142 194
142 197
142 202
142 206
142 241
142 242
143 155
143 177
143 186
143 233
143 630
144 154
144 160
144 162
144 175
144 180
144 219
144 222
144 224
145 149
145 157
145 160
145 164
145 176
145 181
145 199
145 201
145 211
145 215
145 219
146 159
146 170
146 194
146 204
146 228
146 235
146 243
146 247
146 759
146 801
147 153
147 166
147 185
147 186
147 224
148 166
148 175
148 207
148 209
148 220
148 221
148 231
148 240
148 904
149 200
149 204
149 206
149 213
149 232
149 235
149 241
149 245
150 172
150 197
150 198
150 199
150 220
150 224
150 226
150 240
151 155
151 157
151 158
151 159
151 191
151 211
151 217
151 221
151 242
152 157
152 180
152 185
152 204
152 225
152 232
152 234
152 239
153 166
153 189
153 196
153 238
153 247
153 250
153 282
153 828
154 159
154 160
154 186
154 187
154 197
154 198
154 218
154 231
154 241
154 803
155 183
155 232
155 237
155 238
155 246
156 179
156 180
156 189
156 213
156 216
156 222
156 229
156 903
157 183
157 188
157 203
157 204
157 220
157 225
157 226
157 239
158 164
158 187
158 202
158 221
158 233
158 442
159 176
159 208
159 232
159 275
160 174
160 187
160 190
160 212
160 500
160 842
161 168
161 184
161 197
161 210
161 219
161 234
162 179
162 184
162 191
162 241
162 249
163 174
163 189
163 191
163 209
163 222
163 227
163 232
163 237
163 370
164 171
164 174
164 188
164 199
164 214
164 248
165 168
165 174
165 201
165 215
165 234
166 180
166 197
166 205
166 229
167 170
167 173
167 191
167 192
167 203
167 204
167 207
167 228
168 178
168 215
168 228
168 562
168 587
169 183
169 193
169 209
169 250
169 381
170 171
170 186
170 226
170 227
170 231
170 475
171 180
171 182
171 184
171 197
171 217
171 298
171 953
172 195
172 214
172 221
172 222
172 250
173 186
173 202
173 209
173 218
173 236
173 702
174 177
174 179
174 194
174 210
174 236
174 239
175 178
175 193
175 217
176 186
176 189
176 214
176 219
176 230
177 208
177 209
177 230
177 235
177 241
178 192
178 199
178 208
178 218
178 226
178 237
178 242
178 580
179 194
179 407
179 527
179 581
179 896
180 184
180 203
180 227
180 234
180 584
181 196
181 220
181 224
182 193
182 208
182 213
182 228
182 659
183 184
183 217
183 218
184 198
184 221
184 246
184 368
185 186
185 193
185 206
185 393
185 436
185 745
186 222
186 228
186 247
186 249
187 213
187 215
187 229
187 233
187 237
187 239
187 419
187 893
188 190
188 199
188 200
188 235
188 239
188 250
188 563
188 716
189 198
189 201
189 203
189 227
189 234
189 289
190 198
190 206
190 212
190 227
190 246
190 249
191 198
191 200
191 205
191 211
191 220
191 233
191 237
192 200
192 201
192 207
192 208
192 210
192 217
192 227
192 233
192 424
193 208
193 209
193 218
193 230
193 236
193 248
194 207
194 220
194 226
194 231
194 236
194 242
194 706
195 200
195 216
195 218
195 241
196 198
196 203
196 228
196 232
196 236
196 241
197 203
197 215
197 222
197 250
197 258
198 205
198 226
198 239
198 245
198 250
199 205
199 224
199 367
199 457
199 684
201 230
201 237
201 240
202 240
202 243
202 247
202 851
203 211
203 214
203 230
203 247
203 959
204 218
204 219
204 223
204 230
204 234
204 236
204 357
205 212
205 215
205 246
205 799
206 222
206 234
206 248
207 215
207 220
207 239
207 250
207 516
210 211
210 248
211 217
211 221
211 229
211 231
212 246
212 760
213 233
213 248
214 231
214 247
215 232
215 236
215 248
215 250
216 218
216 224
216 250
216 588
216 779
217 220
217 238
217 287
218 462
219 245
219 248
219 424
220 221
220 222
220 281
221 226
221 243
221 746
222 227
222 244
222 248
223 228
223 230
223 235
223 243
223 249
223 590
224 247
224 650
224 709
225 229
225 579
226 240
226 306
227 239
227 242
227 900
228 231
228 235
228 723
229 243
229 722
229 799
230 233
230 234
230 245
230 248
231 315
232 233
232 240
232 242
232 249
233 236
233 242
234 244
234 915
235 250
235 914
236 244
236 439
236 772
237 241
237 248
237 607
238 243
238 246
238 355
238 458
238 707
239 534
240 245
240 478
242 246
242 478
244 905
245 358
246 250
247 933
248 853
249 278
250 437
251 262
251 264
251 288
251 290
251 329
251 337
251 345
251 359
252 254
252 271
252 286
252 305
252 324
252 327
252 364
252 372
252 587
253 263
253 299
253 312
253 315
253 324
253 370
253 836
254 259
254 266
254 268
254 281
254 288
254 293
254 294
254 297
254 299
254 304
254 320
254 322
254 330
254 338
254 350
254 372
255 256
255 278
255 295
255 318
255 321
255 331
255 359
255 373
255 498
255 582
256 257
256 260
256 264
256 275
256 293
256 295
256 306
256 313
256 314
256 325
256 331
256 336
256 354
256 375
257 260
257 269
257 272
257 318
257 336
257 337
257 358
257 359
257 363
257 497
257 635
257 917
258 286
258 297
258 313
258 314
258 373
259 268
259 271
259 277
259 278
259 288
259 295
259 298
259 319
259 329
259 350
259 351
259 367
259 639
259 640
260 262
260 266
260 290
260 293
260 323
260 327
260 367
261 263
261 265
261 274
261 287
261 294
261 303
261 324
261 337
261 348
261 354
261 373
262 270
262 276
262 282
262 330
262 410
263 275
263 280
263 288
263 296
263 301
263 307
263 317
263 325
263 347
263 358
263 369
264 275
264 276
264 285
264 316
264 322
264 324
264 347
264 352
264 359
264 679
265 284
265 290
265 340
265 343
265 354
265 364
265 783
266 272
266 312
266 331
266 350
266 362
266 370
266 372
266 969
267 273
267 279
267 316
267 319
267 323
267 326
267 328
267 344
267 366
267 375
267 603
268 286
268 287
268 306
268 314
268 336
268 340
268 346
268 357
268 358
268 359
268 366
268 368
268 374
269 275
269 280
269 283
269 326
269 345
269 368
269 372
270 273
270 283
270 289
270 302
270 323
270 324
270 342
270 372
270 482
270 768
271 292
271 304
271 310
271 315
271 316
271 359
271 362
271 369
271 375
271 531
272 326
272 353
272 371
272 372
272 533
273 277
273 306
273 311
273 314
273 317
273 334
273 367
273 371
273 372
274 302
274 304
274 333
274 348
274 352
274 366
274 367
275 283
275 287
275 309
275 317
275 340
275 361
275 369
276 281
276 290
276 296
276 299
276 309
276 341
276 357
276 359
276 366
277 288
277 314
277 319
277 332
277 333
277 337
277 340
277 351
277 353
277 364
277 366
278 287
278 300
278 313
278 369
279 306
279 311
279 320
279 329
279 333
279 335
279 339
279 905
279 957
280 282
280 296
280 309
280 320
280 329
280 335
280 341
280 359
280 375
281 283
281 312
281 327
281 344
281 354
281 474
282 294
282 307
282 350
282 352
282 609
282 697
283 301
283 305
283 309
283 341
283 361
283 372
284 289
284 302
284 310
284 324
284 331
284 334
284 341
284 346
284 352
284 364
284 369
284 375
284 932
285 286
285 288
285 303
285 304
285 349
285 375
286 298
286 300
286 322
286 327
286 329
286 347
286 354
286 370
287 288
287 305
287 316
287 318
287 328
287 339
287 354
287 368
288 291
288 299
288 303
288 309
288 333
288 338
288 347
288 352
288 362
288 373
288 426
288 558
289 317
289 318
289 327
289 333
289 341
289 369
289 476
290 309
290 333
290 350
290 352
290 353
290 357
290 359
290 367
291 293
291 311
291 313
291 323
291 357
291 361
291 442
292 342
292 343
292 359
292 367
292 816
293 296
293 304
293 308
293 313
293 314
293 327
293 375
293 416
293 704
293 784
294 307
294 308
294 312
294 319
295 299
295 323
295 331
295 334
295 342
295 364
295 370
295 371
295 763
296 298
296 305
296 317
296 318
296 327
296 328
296 334
296 350
296 369
296 373
296 567
297 352
297 370
298 300
298 302
298 306
298 314
298 348
298 354
298 805
299 351
299 360
299 361
299 369
299 859
300 321
300 341
300 349
300 350
300 356
300 991
301 314
301 315
301 333
301 339
301 342
301 347
302 320
302 321
302 356
302 373
303 304
303 307
303 310
303 313
303 317
303 326
303 350
303 864
304 324
304 332
304 333
304 348
304 357
304 362
304 364
304 371
304 392
304 919
305 308
305 315
305 340
305 370
306 316
306 340
306 350
306 362
306 368
306 394
307 311
307 318
307 354
308 315
308 316
308 318
308 319
308 330
308 361
308 362
308 368
309 312
309 320
309 326
309 329
309 347
309 348
309 365
309 372
310 313
310 314
310 327
310 332
310 889
311 321
311 327
311 337
311 351
311 368
312 347
312 358
313 366
313 482
314 329
314 346
314 348
314 367
314 368
314 992
315 316
315 333
315 355
316 340
316 348
316 359
316 375
316 425
317 330
318 321
318 324
319 344
319 353
319 360
320 337
320 343
320 351
321 368
322 340
322 343
322 353
322 370
323 337
323 350
324 329
324 357
324 358
324 933
325 328
325 335
325 342
325 344
325 354
325 360
325 368
325 736
326 340
326 349
326 357
327 339
327 349
327 351
327 355
327 361
327 980
328 332
328 349
328 357
328 362
328 369
328 374
329 345
329 357
329 360
329 366
329 368
329 873
330 369
330 370
330 374
330 375
331 359
331 362
331 363
331 368
331 592
332 339
332 349
332 365
332 740
333 342
333 343
333 353
333 356
333 374
334 692
335 346
335 357
335 370
335 467
336 343
336 846
337 360
337 366
337 371
337 373
337 626
338 347
338 354
338 368
339 358
339 362
339 365
339 369
339 375
340 354
340 355
341 373
341 687
342 345
342 353
342 357
342 359
342 791
343 348
344 345
344 348
344 358
344 361
345 358
345 361
346 354
346 365
346 373
346 375
346 829
347 354
347 492
348 466
349 368
350 365
351 353
351 354
351 359
351 360
351 364
351 923
352 370
353 356
353 368
353 797
353 810
354 363
354 836
355 361
355 365
355 370
355 372
356 371
358 369
358 373
359 372
360 371
360 523
361 374
361 772
362 364
362 911
362 978
363 368
363 498
366 870
367 370
367 490
368 383
372 445
372 769
374 720
375 452
376 385
376 392
376 401
376 424
376 432
376 472
376 473
376 491
377 390
377 411
377 420
377 422
377 482
377 488
377 595
377 713
378 379
378 395
378 401
378 422
378 423
378 426
378 444
378 449
378 458
378 483
378 487
378 862
379 388
379 405
379 408
379 416
379 419
379 435
379 458
379 888
380 384
380 405
380 411
380 414
380 420
380 425
380 440
380 443
380 482
380 492
380 673
381 384
381 385
381 390
381 395
381 399
381 430
381 475
381 477
381 483
381 489
381 495
381 500
382 392
382 395
382 402
382 404
382 408
382 414
382 416
382 425
382 441
382 442
382 455
382 461
382 493
383 386
383 414
383 429
383 432
383 433
383 481
383 500
384 385
384 405
384 425
384 426
384 428
384 451
384 461
384 469
384 476
384 489
384 712
385 390
385 411
385 420
385 427
385 443
385 454
385 459
385 492
386 387
386 400
386 406
386 410
386 411
386 448
386 454
386 462
386 471
386 474
386 482
386 487
386 489
387 400
387 401
387 411
387 413
387 432
387 445
387 450
387 465
387 472
387 496
387 798
388 402
388 422
388 424
388 440
388 451
388 474
389 391
389 400
389 414
389 423
389 443
389 447
389 450
389 497
389 672
389 819
390 400
390 402
390 423
390 434
390 436
390 453
390 454
390 455
390 457
390 496
390 503
390 645
390 678
391 398
391 403
391 457
391 474
391 489
391 490
391 500
391 947
391 996
392 437
392 448
392 457
392 470
392 476
392 485
392 486
392 488
392 494
392 658
392 759
392 828
393 439
393 441
393 446
393 464
393 471
393 483
393 494
393 879
394 395
394 397
394 406
394 408
394 414
394 421
394 433
394 448
394 465
394 683
395 424
395 435
395 453
395 493
396 435
396 463
396 466
396 473
396 479
396 487
396 488
396 492
396 578
397 402
397 416
397 420
397 443
397 467
397 907
398 417
398 424
398 425
398 426
398 431
398 441
398 442
398 472
399 410
399 446
399 448
399 475
399 483
399 493
400 412
400 444
400 464
400 472
400 488
400 490
400 493
400 795
400 887
400 891
401 417
401 421
401 428
401 433
401 436
401 453
401 488
401 489
401 495
402 423
402 426
402 433
402 447
402 460
402 480
403 429
403 438
403 451
403 455
403 478
403 484
403 488
404 414
404 420
404 436
404 440
404 446
404 456
404 499
405 417
405 446
405 450
405 463
405 464
405 485
406 418
406 429
406 460
406 461
406 469
406 472
406 497
407 417
407 419
407 481
407 492
407 495
407 570
408 441
408 464
408 479
408 485
408 490
408 497
408 873
409 417
409 474
409 476
409 481
409 499
409 500
409 522
410 414
410 420
410 446
410 465
410 480
411 414
411 431
411 435
411 496
412 424
412 427
412 437
412 460
412 465
412 474
412 484
412 493
412 704
412 920
413 424
413 479
413 492
413 493
413 495
413 617
413 771
414 419
414 456
414 477
414 492
414 493
414 496
415 417
415 429
415 451
415 456
415 467
415 473
415 489
415 495
416 444
416 446
416 451
416 463
416 472
416 483
416 485
416 499
416 984
417 434
417 448
417 477
417 484
417 485
417 494
417 554
418 421
418 422
418 431
418 480
418 496
419 426
419 436
419 464
419 465
419 470
419 471
419 486
419 487
419 489
419 492
419 497
420 442
420 461
420 462
420 486
420 495
420 499
421 432
421 443
422 463
422 478
422 480
422 490
422 495
422 499
423 426
423 432
423 442
423 463
423 465
423 468
423 482
423 487
424 434
424 450
424 482
424 485
424 490
425 445
425 451
425 457
425 466
425 474
425 482
425 496
425 531
426 428
426 436
426 461
426 465
426 466
426 498
427 465
427 469
427 482
427 494
427 921
428 444
428 465
428 474
428 487
428 491
428 869
429 431
429 457
429 473
429 478
429 479
429 489
429 496
430 440
430 454
430 459
430 465
430 473
430 476
430 634
430 776
430 928
431 458
431 473
431 481
431 483
431 642
432 446
432 448
432 456
432 457
432 460
432 477
433 434
433 462
433 463
433 469
433 476
433 479
433 491
434 443
434 470
434 471
434 486
434 494
435 441
435 447
435 449
435 452
435 465
435 484
435 495
436 437
436 467
436 494
437 442
437 449
437 489
437 493
437 948
438 462
438 465
438 477
439 452
439 476
440 453
440 479
441 472
441 481
442 455
442 462
442 463
442 486
442 494
443 456
443 474
443 496
443 511
443 718
444 451
444 464
444 479
444 906
445 451
445 465
445 472
445 500
445 534
446 451
446 479
446 497
447 453
447 454
447 460
447 466
447 495
448 454
448 459
448 467
448 479
448 491
448 500
449 454
449 494
450 460
450 492
450 759
451 466
451 471
451 479
451 483
452 455
452 476
452 709
453 454
453 458
453 475
453 479
453 955
454 457
454 469
454 470
455 456
455 469
455 484
455 490
455 491
455 779
456 538
457 460
457 464
457 472
457 475
457 484
457 500
457 955
458 459
458 470
458 478
458 525
458 704
459 472
459 487
459 491
459 718
459 957
460 474
460 490
460 774
461 479
461 482
461 484
461 489
461 492
461 497
461 609
462 464
462 485
462 895
462 978
463 468
463 481
463 486
463 489
463 498
463 562
464 469
464 484
464 498
464 636
465 482
465 483
465 528
466 467
466 481
466 488
466 498
466 500
467 484
467 486
467 488
467 936
468 481
468 483
468 487
469 489
469 496
470 486
470 488
470 497
470 897
471 479
471 498
471 500
471 620
472 481
472 492
472 497
473 474
473 494
473 496
474 485
474 498
475 491
475 492
475 499
475 777
476 495
476 978
478 481
478 489
478 497
478 500
480 494
480 495
480 496
480 830
481 490
482 491
482 499
482 522
482 626
483 488
483 494
483 710
483 999
484 486
484 488
485 496
486 495
487 774
488 916
489 916
490 492
490 831
491 555
491 970
493 496
493 497
493 499
493 918
494 972
495 500
497 499
497 501
497 526
497 708
500 744
501 518
501 520
501 543
501 559
501 566
501 572
501 586
501 613
501 615
501 619
501 863
502 522
502 535
502 602
502 618
502 622
503 522
503 537
503 557
503 568
503 581
503 599
503 610
503 725
504 507
504 509
504 511
504 517
504 519
504 527
504 533
504 547
504 574
504 597
504 606
504 619
504 895
505 514
505 555
505 566
505 571
505 575
505 577
505 588
505 591
506 513
506 516
506 524
506 539
506 541
506 566
506 581
506 588
506 604
506 850
507 530
507 539
507 547
507 550
507 571
507 576
507 584
507 588
507 624
508 516
508 535
508 540
508 543
508 547
508 549
508 568
508 569
508 625
509 532
509 542
509 551
509 553
509 559
509 577
509 616
509 617
509 619
509 622
510 527
510 528
510 534
510 536
510 557
510 561
510 624
511 512
511 514
511 549
511 569
511 574
511 583
511 591
511 609
511 622
511 623
511 625
512 521
512 528
512 547
512 582
512 590
512 592
512 593
512 608
512 932
513 517
513 531
513 547
513 560
513 565
513 570
513 580
513 582
513 585
513 592
513 593
513 600
513 603
514 550
514 558
514 596
514 600
514 602
514 603
514 619
515 554
515 556
515 567
515 581
515 611
515 613
515 843
516 535
516 538
516 549
516 570
516 615
516 619
516 639
517 523
517 533
517 561
517 569
517 572
517 577
517 590
517 600
517 607
517 610
517 611
517 613
517 621
518 538
518 605
518 697
519 525
519 541
519 542
519 548
519 570
519 571
519 576
519 590
519 591
519 605
519 614
519 624
520 521
520 523
520 536
520 538
520 540
520 542
520 555
520 561
520 571
520 576
520 614
520 772
521 523
521 553
521 842
522 604
522 610
522 613
522 618
523 534
523 603
524 563
524 578
524 583
524 606
524 611
524 616
525 527
525 539
525 575
525 576
525 602
525 617
526 538
526 569
526 582
526 607
526 620
526 846
527 537
527 540
527 552
527 555
527 567
527 569
527 584
527 588
527 596
527 598
527 616
527 622
528 536
528 554
528 559
528 572
528 604
528 608
528 611
528 621
528 625
529 548
529 574
529 619
529 620
529 623
529 874
530 533
530 550
530 559
530 603
530 618
530 624
531 537
531 612
531 615
531 616
531 617
531 625
531 641
532 562
532 563
532 573
532 578
532 584
532 587
532 616
532 621
533 558
533 566
533 569
533 571
533 573
533 581
533 593
533 597
533 601
534 538
534 553
534 556
534 562
534 567
534 587
535 542
535 580
535 581
535 583
535 604
535 605
535 608
535 772
536 556
536 560
536 569
536 573
536 576
537 554
537 564
537 576
537 578
537 587
537 591
537 638
537 665
538 563
538 575
538 601
538 604
538 615
538 675
539 556
539 558
539 590
539 603
539 605
539 607
539 618
540 547
540 564
540 582
540 586
540 596
540 598
541 555
541 557
541 570
541 573
541 577
541 579
541 600
541 603
541 610
541 620
541 709
542 550
542 552
542 576
542 588
543 568
543 583
543 590
543 595
543 609
543 614
543 697
544 546
544 557
544 558
544 576
545 549
545 564
545 570
545 576
545 581
545 588
545 600
545 612
545 621
545 820
546 547
546 553
546 576
546 593
546 599
546 613
546 620
546 634
546 757
546 943
547 564
547 584
547 593
547 603
547 604
547 621
548 575
548 588
548 604
548 616
548 619
548 620
548 622
548 851
549 553
549 846
550 562
550 598
550 601
550 608
550 621
550 622
550 961
551 564
551 567
551 579
551 580
551 584
551 585
551 590
551 601
551 613
552 558
552 577
552 578
552 580
552 583
552 593
552 598
552 600
552 608
553 569
553 572
553 590
553 594
553 596
554 570
554 572
554 578
554 608
554 620
554 623
555 560
555 565
555 573
555 605
555 608
555 612
556 566
556 568
556 581
556 586
556 605
556 611
556 620
556 623
556 803
557 559
557 569
557 596
557 611
557 709
558 596
558 612
558 625
558 885
559 564
559 583
559 623
560 561
560 576
560 587
560 589
560 595
560 600
560 613
560 614
560 914
561 564
561 579
561 600
561 621
562 584
562 586
562 605
562 621
562 624
563 565
563 574
563 602
563 604
563 614
563 616
563 618
564 568
564 574
564 590
564 610
565 592
565 608
565 612
565 623
565 624
566 567
566 586
566 598
566 614
566 615
566 620
567 573
567 579
567 594
568 572
568 573
568 581
568 600
568 624
568 837
569 598
569 610
570 572
570 591
570 609
570 614
570 623
570 684
571 576
571 586
571 588
571 592
571 600
571 618
572 583
572 592
572 604
572 610
572 618
572 707
573 593
573 600
573 767
574 590
574 618
574 629
575 577
575 580
575 588
575 609
575 624
576 581
576 594
576 607
576 625
576 916
577 585
577 607
577 621
578 582
578 612
578 620
579 608
579 736
580 586
580 614
580 622
580 679
582 585
582 602
582 616
582 620
582 672
582 857
583 592
583 603
584 617
585 586
585 594
585 604
585 616
585 621
585 625
586 596
586 598
586 767
587 589
588 590
588 603
588 608
588 613
588 623
589 591
589 597
590 683
593 618
593 666
594 608
595 611
595 620
596 610
597 616
598 616
598 713
600 634
601 619
601 622
601 623
601 624
601 650
602 604
602 611
602 616
602 622
603 604
603 608
603 610
603 613
603 980
604 614
604 625
604 917
605 612
605 854
606 612
606 621
606 861
607 614
609 617
610 896
611 622
611 850
612 756
613 622
615 618
615 620
615 623
617 856
618 621
618 622
618 624
618 826
619 624
620 779
621 837
623 624
625 912
626 630
626 649
626 653
626 657
626 676
626 709
626 716
626 719
626 732
626 735
626 745
626 746
627 660
627 662
627 666
627 669
627 688
627 727
628 630
628 706
628 715
628 718
628 725
628 881
628 946
629 646
629 650
629 651
629 698
629 702
629 710
629 981
630 641
630 643
630 669
630 677
630 685
630 698
630 710
630 714
630 715
630 724
631 648
631 663
631 665
631 674
631 700
631 701
631 702
632 638
632 639
632 640
632 651
632 671
632 716
632 868
633 664
633 681
633 682
633 729
634 650
634 657
634 658
634 659
634 672
634 688
634 718
634 734
634 746
635 681
635 684
635 707
635 715
635 737
636 638
636 647
636 658
636 667
636 671
636 693
636 704
636 705
636 717
636 724
636 734
637 662
637 663
637 669
637 684
637 685
637 689
637 709
637 716
637 717
637 812
637 882
638 667
638 689
638 695
638 710
638 715
638 718
639 640
639 641
639 651
639 655
639 659
639 696
639 716
639 872
640 643
640 652
640 657
640 658
640 660
640 668
640 693
640 694
640 709
640 710
640 716
640 724
640 747
641 650
641 652
641 693
641 705
641 734
641 738
641 742
641 743
641 813
642 651
642 658
642 679
642 699
642 707
642 721
642 724
642 738
642 745
642 945
643 667
643 688
643 693
643 694
643 726
644 648
644 650
644 666
644 669
644 700
644 702
644 708
644 728
644 739
644 747
645 654
645 661
645 665
645 682
645 745
646 652
646 683
646 707
646 711
646 739
646 743
647 657
647 665
647 725
647 735
648 677
648 681
648 684
648 694
648 697
648 725
648 727
649 664
649 665
649 670
649 676
649 691
649 702
649 714
650 668
650 683
650 685
650 704
650 728
650 730
651 657
651 679
651 699
651 711
651 727
651 737
651 742
652 657
652 677
652 688
652 692
652 703
652 712
652 716
652 718
652 724
652 742
652 975
653 656
653 685
653 690
653 726
653 734
653 850
654 719
654 726
654 860
654 986
655 658
655 705
655 717
655 721
655 723
655 728
655 732
655 741
655 746
655 820
656 664
656 672
656 677
656 690
656 698
656 715
656 730
656 744
657 684
657 692
657 697
657 708
657 718
657 735
657 740
657 745
658 661
658 696
658 710
658 722
659 669
659 686
659 688
659 692
659 695
659 698
659 707
660 686
660 696
660 707
660 714
660 726
660 733
660 736
660 740
660 750
661 666
661 711
661 712
661 715
661 735
661 749
662 666
662 714
662 723
662 726
662 727
662 729
662 742
663 678
663 680
663 690
663 699
663 701
663 711
663 712
663 721
663 724
663 732
663 741
663 742
663 750
664 696
664 700
664 709
664 724
664 725
664 727
664 738
665 675
665 691
665 704
665 726
665 744
666 678
666 681
666 682
666 689
666 700
666 719
666 721
666 724
666 742
667 669
667 674
667 693
667 694
667 720
667 926
667 933
668 670
668 676
668 680
668 688
668 696
668 705
668 717
668 718
668 722
668 731
668 735
668 740
669 685
669 719
669 728
669 750
670 673
670 683
670 687
671 674
671 685
671 705
671 713
671 719
671 725
671 737
671 937
672 678
672 697
672 698
672 737
672 746
673 678
673 686
673 723
673 736
673 739
673 745
674 682
674 683
674 697
674 708
674 715
674 721
674 727
674 740
674 743
675 724
675 739
675 742
675 748
676 687
676 688
676 692
676 711
676 731
676 732
676 740
677 685
677 687
677 711
677 717
677 749
678 700
678 702
678 715
678 719
678 742
679 681
679 683
679 697
679 702
679 704
679 742
680 686
680 717
680 729
680 742
681 687
681 704
681 714
681 729
681 734
681 745
681 747
681 748
682 693
682 697
682 706
682 711
683 684
683 695
683 707
683 719
683 729
684 719
684 725
684 900
685 690
685 694
685 696
685 698
685 701
685 713
685 717
685 720
685 723
685 732
686 696
686 699
686 705
686 709
686 730
686 736
687 707
687 711
687 713
687 724
688 695
688 696
688 726
688 737
688 742
688 747
688 748
689 706
689 735
689 740
689 743
689 757
689 822
690 696
690 715
690 744
691 719
691 724
691 728
692 716
692 744
692 750
693 716
693 719
693 899
694 698
694 722
694 731
694 737
694 745
695 703
695 709
695 711
695 721
695 724
695 744
695 960
696 697
696 698
696 702
696 722
696 738
696 932
697 724
698 713
698 724
698 731
698 736
698 742
698 743
698 980
699 707
699 728
699 743
699 748
699 795
700 701
700 708
700 712
700 728
700 732
700 741
700 744
701 720
701 723
701 747
701 750
702 706
702 712
702 724
702 728
702 739
702 748
703 704
703 720
703 730
703 747
703 748
704 709
704 719
704 723
704 725
704 727
704 745
704 747
704 905
705 710
705 713
705 714
705 715
705 716
705 724
706 712
706 713
706 741
706 925
707 708
707 711
707 713
707 729
707 733
707 746
708 712
708 727
708 747
708 983
709 726
709 729
709 730
709 738
710 733
710 741
711 726
711 732
712 722
712 731
712 732
712 735
712 736
712 737
712 739
713 717
713 719
713 725
713 739
714 719
715 717
715 720
715 726
715 737
715 746
715 750
715 820
717 721
719 730
719 733
719 738
719 883
720 722
721 728
722 738
723 726
723 737
723 741
724 908
725 727
725 739
725 747
725 998
727 732
729 740
730 740
730 745
731 733
733 736
733 741
733 748
735 741
735 746
736 987
737 738
737 746
739 743
740 745
741 750
743 746
744 751
747 748
748 767
751 762
751 765
751 771
751 783
751 788
751 821
751 822
751 855
751 864
751 865
752 765
752 775
752 784
752 792
752 801
752 823
752 824
752 835
752 842
752 850
752 852
753 792
753 845
753 849
753 864
753 873
754 767
754 775
754 800
754 812
754 840
754 847
754 866
754 873
755 759
755 762
755 770
755 775
755 777
755 805
755 835
755 838
755 848
755 854
755 855
756 767
756 782
756 806
756 821
756 823
756 843
756 847
757 774
757 792
757 795
757 796
757 832
757 852
757 860
757 872
757 873
758 773
758 790
758 791
758 809
758 816
758 832
758 835
758 850
758 859
758 866
759 844
759 846
759 849
759 850
759 863
759 871
760 766
760 810
760 834
760 835
760 839
760 849
761 769
761 778
761 779
761 780
761 789
761 835
761 860
761 863
761 875
762 770
762 780
762 792
762 799
762 811
762 826
762 834
762 854
762 868
762 875
763 785
763 787
763 812
763 818
763 833
763 841
763 845
763 854
763 860
763 868
764 786
764 803
764 822
764 825
764 828
764 842
764 844
764 846
764 854
764 855
764 860
764 875
765 784
765 791
765 804
766 796
766 809
766 824
766 840
766 859
766 864
766 873
767 785
767 829
767 837
767 854
767 858
767 862
767 864
767 865
767 872
768 796
768 806
768 809
768 811
768 821
768 825
768 834
768 851
768 875
769 776
769 794
769 817
769 824
769 853
769 857
769 866
769 871
770 783
770 795
770 803
770 807
770 808
770 814
770 819
770 870
770 875
771 780
771 799
771 805
771 806
771 816
771 829
771 871
772 791
772 810
772 816
772 825
772 827
773 782
773 803
773 807
773 820
773 839
773 855
773 862
773 869
774 794
774 829
774 868
775 796
775 823
775 842
775 865
776 788
776 798
776 799
776 812
776 818
776 819
776 825
776 835
776 867
777 789
777 818
777 820
777 832
777 840
777 848
777 849
777 859
778 784
778 785
778 827
778 829
778 844
778 868
779 828
779 841
779 857
780 787
780 789
780 793
780 800
780 825
780 831
780 834
780 867
780 873
781 786
781 789
781 802
781 850
781 857
781 865
782 786
782 787
782 802
782 805
782 840
782 870
782 875
783 811
783 820
783 829
783 830
783 832
783 834
783 852
783 869
784 785
784 793
784 794
784 801
784 807
784 809
784 848
784 860
784 865
784 872
785 798
785 815
785 816
785 820
785 847
785 849
785 852
785 856
785 870
785 873
786 795
786 813
786 853
786 871
787 804
787 818
787 822
787 831
787 835
787 844
787 845
787 864
787 868
787 874
788 802
788 809
788 813
788 819
788 836
788 843
788 857
788 867
788 871
789 793
789 810
789 827
789 829
789 841
790 798
790 820
790 827
790 834
790 861
790 869
791 801
791 804
791 836
791 861
791 874
792 793
792 800
792 850
792 856
792 865
792 867
792 875
793 805
793 816
793 830
793 832
793 839
793 846
793 861
793 865
794 797
794 803
794 848
794 852
794 955
795 839
795 841
795 858
795 864
796 811
796 821
796 831
796 862
797 799
797 800
797 801
797 826
797 835
797 837
797 855
797 858
797 863
797 875
798 828
798 834
798 863
798 872
798 873
799 827
799 830
799 837
799 839
799 856
799 861
799 862
799 874
800 811
800 819
800 833
800 848
800 865
800 866
800 913
801 803
801 807
801 812
801 843
801 855
801 858
802 825
802 830
802 831
802 845
802 850
802 857
802 875
803 808
803 811
803 836
803 841
803 851
803 857
803 861
804 839
804 864
805 816
805 823
805 837
805 854
805 862
805 865
806 809
806 849
806 851
806 859
806 860
806 861
806 869
806 870
806 875
807 815
808 810
808 830
808 853
808 854
808 862
808 868
809 823
809 825
809 840
809 854
810 819
810 821
810 833
810 836
810 857
811 826
811 849
811 851
811 862
811 875
812 827
812 856
812 868
812 888
813 814
813 837
813 842
813 860
813 868
814 817
814 845
814 865
814 866
814 868
815 827
815 864
816 824
816 830
816 835
816 862
816 872
816 875
817 836
817 873
818 821
818 822
818 840
818 841
818 867
818 871
819 826
819 852
819 855
820 849
820 858
820 872
820 874
821 840
821 852
822 826
822 846
822 868
823 827
823 848
824 826
824 829
824 840
824 868
825 832
825 848
825 852
825 869
825 870
825 872
825 875
826 852
826 861
826 870
826 871
827 838
827 839
827 846
827 849
827 859
828 838
828 839
828 852
829 840
829 844
829 855
829 875
830 844
830 846
830 853
831 836
831 839
831 860
832 865
832 878
832 944
833 837
833 853
833 854
833 864
834 838
834 840
834 846
834 848
834 872
835 845
835 850
835 857
836 862
836 871
838 860
838 869
839 847
839 854
840 841
840 848
840 861
841 842
841 858
841 867
842 853
842 857
842 866
842 870
843 852
843 854
843 869
845 877
846 875
847 867
849 856
849 862
849 863
849 866
849 875
850 857
850 858
851 862
851 864
852 866
852 870
853 856
853 866
853 960
854 867
855 866
855 873
856 859
857 865
858 907
860 865
863 869
863 873
865 867
867 868
874 968
876 929
876 948
876 952
876 958
876 960
876 968
876 973
876 992
876 995
877 881
877 886
877 896
877 899
877 907
877 914
877 915
877 934
877 935
877 940
877 953
877 959
877 994
877 999
878 889
878 906
878 907
878 915
878 928
878 933
878 945
878 988
878 996
879 884
879 895
879 898
879 907
879 909
879 941
879 944
879 954
879 979
879 998
880 889
880 891
880 901
880 911
880 928
880 952
880 963
880 979
880 985
881 894
881 897
881 909
881 914
881 926
881 930
881 945
881 959
881 967
881 968
881 972
882 885
882 915
882 918
882 932
882 939
882 945
882 991
882 997
883 887
883 889
883 891
883 901
883 903
883 906
883 935
883 938
883 980
884 908
884 978
884 982
884 1000
885 892
885 896
885 939
885 959
885 967
885 971
885 984
885 985
885 990
885 992
885 994
886 893
886 900
886 929
886 930
886 932
886 940
886 975
886 976
886 982
886 984
886 992
887 892
887 920
887 931
887 961
887 966
887 971
887 982
887 985
887 996
887 997
888 889
888 893
888 900
888 905
888 914
888 941
888 977
888 986
888 987
888 996
889 903
889 908
889 930
889 931
889 935
889 936
889 943
889 944
889 977
889 991
890 900
890 901
890 903
890 931
890 951
890 987
890 989
890 990
890 992
891 896
891 909
891 922
891 937
891 939
891 952
891 971
891 982
892 931
892 954
893 907
893 951
893 954
893 971
893 973
894 902
894 917
894 928
894 936
894 944
894 966
894 971
895 906
895 924
895 938
895 942
895 991
896 912
896 931
896 949
896 969
896 981
896 983
896 992
897 898
897 906
897 936
897 970
897 995
898 931
898 947
898 960
898 963
898 968
898 972
899 916
899 920
899 928
899 931
899 953
899 962
899 971
899 984
900 910
900 935
900 939
900 946
900 947
900 949
900 964
900 984
901 902
901 906
901 928
901 946
901 947
901 950
901 968
901 989
901 1000
902 905
902 907
902 913
902 920
902 922
902 931
902 938
902 957
902 969
903 909
903 911
903 912
903 938
903 962
903 966
903 995
904 908
904 922
904 928
904 946
904 985
904 991
905 948
905 953
905 970
905 975
905 979
905 987
905 991
906 926
906 929
906 936
906 942
906 958
906 961
906 963
906 967
906 968
906 986
906 989
906 999
906 1000
907 909
907 912
907 937
907 946
907 998
908 932
908 970
908 974
908 980
908 988
909 912
909 923
909 951
909 960
909 961
909 972
909 973
909 979
909 996
910 921
910 923
910 947
910 949
910 992
910 993
911 916
911 929
911 941
911 957
911 960
911 991
912 916
912 925
912 931
912 973
912 974
912 983
912 984
912 990
913 916
913 922
913 945
913 990
913 992
913 997
914 924
914 926
914 934
914 939
914 963
914 965
915 921
915 934
915 938
915 984
915 988
915 997
916 952
916 953
916 955
916 982
916 997
916 998
917 960
917 975
918 929
918 947
918 958
918 974
918 975
918 992
918 994
919 953
919 971
919 988
920 926
920 967
920 996
920 999
921 929
921 932
921 938
921 940
921 941
921 946
921 947
921 972
921 997
922 926
922 948
922 962
922 965
922 973
923 929
923 933
923 956
923 961
923 967
923 970
923 977
923 978
923 991
924 964
924 982
924 989
924 996
925 935
925 963
925 970
925 971
925 973
925 978
925 990
926 932
926 942
926 996
926 1000
927 935
927 954
927 960
927 966
927 974
927 978
928 942
928 948
928 963
928 977
928 981
928 1000
929 988
929 991
930 945
930 951
930 965
930 982
930 985
931 956
931 971
931 975
931 989
932 960
932 962
932 979
933 941
933 948
933 952
933 974
933 980
933 982
933 989
933 998
934 952
934 964
934 965
934 967
934 970
935 945
935 992
935 995
935 999
936 937
936 956
936 957
936 968
936 978
936 991
936 995
937 948
937 952
937 956
937 975
937 986
938 941
938 962
938 974
938 977
938 978
938 981
938 984
939 951
939 974
939 992
939 993
940 954
940 957
940 958
940 961
940 963
940 985
940 994
940 1000
941 973
942 943
942 945
942 954
942 965
942 969
943 968
944 945
944 949
944 960
944 966
944 974
944 988
945 946
945 967
945 992
946 961
946 969
946 970
946 995
947 949
947 961
948 963
948 986
949 956
949 959
949 961
949 982
949 986
950 970
950 974
950 988
950 992
950 998
951 963
951 970
951 994
952 958
952 967
952 975
952 977
952 979
952 982
952 992
952 993
952 997
952 999
953 965
954 963
954 973
954 981
954 996
955 974
955 976
955 987
955 995
956 975
957 958
957 960
957 962
957 993
957 998
958 959
958 967
958 978
958 985
958 989
958 995
959 967
959 982
959 998
960 971
960 980
960 984
960 995
960 998
960 999
961 984
961 987
961 989
962 966
962 977
962 979
962 993
962 994
962 995
964 981
965 969
965 979
965 989
966 967
966 977
967 977
967 991
967 994
968 974
968 994
968 1000
969 984
970 984
970 996
971 975
971 980
971 994
972 973
972 983
972 985
972 988
973 978
973 995
975 976
975 980
975 990
976 982
976 985
977 982
977 995
977 1000
978 988
978 996
981 986
982 995
983 984
985 993
985 996
986 996
986 998
987 992
988 993
990 992
992 998
993 998
