1 20
1 61
1 70
1 198
1 383
2 60
3 46
3 54
3 108
3 726
4 14
4 26
4 41
4 53
4 55
4 94
4 106
4 620
4 642
5 45
5 390
6 119
6 120
6 167
7 41
7 51
7 121
8 17
8 33
9 12
9 14
9 17
9 27
9 66
9 76
9 94
10 20
10 100
10 110
10 324
10 559
11 51
11 145
11 590
11 769
11 843
12 75
12 103
12 125
12 735
13 14
13 34
13 74
13 121
14 23
14 67
14 78
14 121
15 40
15 86
15 96
15 102
15 952
16 18
16 56
16 66
16 102
16 121
17 38
17 48
17 83
17 91
17 119
17 987
18 41
18 43
18 77
18 87
18 89
18 105
18 121
19 75
19 78
19 115
19 703
20 36
20 502
20 701
21 32
22 45
22 48
22 83
22 96
22 102
23 26
23 27
23 38
23 84
24 28
24 119
25 26
25 40
25 68
25 97
25 102
26 73
26 76
26 90
27 76
28 31
28 45
28 46
28 47
28 899
29 71
30 81
30 89
30 114
30 711
31 37
31 64
31 89
31 93
31 123
31 368
31 587
32 39
32 67
32 111
33 47
33 71
33 74
33 85
33 453
34 70
34 74
34 78
34 80
34 85
35 44
36 50
36 67
36 80
36 96
36 121
36 939
37 41
37 48
37 62
37 113
38 88
39 55
39 73
39 74
39 582
40 105
40 360
41 43
41 91
42 54
42 72
42 111
43 63
43 92
43 104
43 113
43 115
43 117
43 201
44 93
44 118
45 59
45 75
45 85
45 108
45 408
46 54
47 48
47 86
47 115
47 603
48 82
48 84
48 85
48 90
48 98
48 99
48 104
48 106
48 116
48 208
49 100
49 102
49 120
49 458
50 51
50 102
50 120
50 888
51 65
51 73
51 80
51 98
52 91
52 106
53 62
53 629
54 94
54 110
54 114
54 771
55 87
55 94
55 99
55 100
56 58
56 95
56 769
56 783
56 875
57 753
58 84
58 103
58 106
58 118
58 568
58 642
58 963
59 62
59 72
59 73
59 92
60 116
60 611
61 78
61 113
61 432
62 75
62 117
62 119
62 817
63 68
63 97
63 115
63 287
63 787
63 942
64 93
64 102
64 106
64 607
65 74
65 84
65 110
65 122
65 317
65 526
66 958
67 280
68 104
68 167
68 479
69 86
69 379
69 707
69 766
70 94
70 95
70 111
70 115
70 793
71 95
71 124
71 190
72 698
73 97
73 232
73 513
75 109
75 748
76 77
77 95
77 264
77 940
78 93
78 109
79 80
79 108
79 117
79 496
80 86
80 99
80 112
80 117
80 148
81 97
81 432
82 88
82 96
82 119
82 123
82 543
82 903
83 85
83 90
83 111
83 687
83 867
84 98
86 110
86 938
87 117
87 123
88 112
88 169
88 368
88 432
89 961
90 125
91 110
91 111
91 289
92 93
92 105
92 113
92 123
94 114
95 99
95 103
95 123
95 411
95 727
95 973
96 442
96 851
97 119
99 123
99 665
100 625
100 761
101 106
101 123
102 112
102 124
102 810
103 110
104 109
105 112
105 122
107 131
107 482
108 111
109 117
109 124
110 122
110 143
110 793
111 980
112 388
112 676
113 197
114 115
115 125
115 299
116 835
118 120
118 122
118 125
118 406
119 125
121 122
121 124
121 168
121 334
121 614
123 375
124 471
126 129
126 164
126 220
127 140
127 149
127 174
127 175
127 183
127 191
127 217
128 159
128 174
129 149
129 172
129 203
129 215
129 216
129 224
129 247
130 140
130 143
130 169
130 215
130 230
130 651
131 165
131 204
132 146
132 160
132 225
132 236
133 154
134 148
134 167
134 220
134 239
134 244
134 275
134 392
134 862
135 145
135 168
135 189
135 214
135 237
135 499
136 153
136 241
136 426
137 144
137 154
137 159
137 186
137 194
137 641
138 164
138 166
138 249
138 858
139 140
139 146
139 154
139 199
139 230
139 956
140 148
140 208
140 227
140 230
141 150
141 168
141 184
141 187
141 193
141 207
141 800
141 861
142 157
142 223
142 237
143 151
143 167
143 175
143 214
143 356
144 147
144 160
144 189
144 223
145 233
145 234
145 250
146 189
146 597
147 148
147 208
147 218
148 151
148 159
148 163
148 167
148 191
148 201
148 250
148 561
148 619
149 199
149 221
149 246
149 384
150 215
151 730
152 156
152 157
152 175
152 237
152 632
153 206
153 207
153 220
153 231
154 156
154 189
154 225
154 237
154 239
154 243
154 249
154 363
155 165
155 209
155 219
155 232
155 246
155 247
156 195
156 226
157 176
157 180
157 199
157 700
157 908
158 176
158 211
158 214
158 221
159 171
159 173
159 210
159 221
159 231
159 866
160 174
160 199
160 220
160 223
160 823
161 191
161 785
162 213
162 231
163 170
163 184
163 212
163 217
163 225
163 228
163 240
164 187
164 205
164 221
165 189
165 211
165 215
165 232
165 498
166 194
166 210
166 213
166 222
166 683
167 186
167 212
167 221
167 227
167 898
168 184
168 194
168 197
168 207
169 208
169 227
169 810
169 966
170 223
170 230
170 239
171 224
171 248
171 927
171 988
172 190
172 201
173 191
173 218
173 232
173 385
173 967
174 236
174 784
175 179
175 215
175 218
176 180
176 208
176 946
177 183
177 185
177 197
177 224
177 316
177 717
178 189
179 214
179 228
179 243
179 244
180 182
181 236
182 219
182 236
182 248
183 195
184 208
184 234
184 378
184 824
184 863
185 221
185 243
185 244
185 248
185 254
185 642
186 238
187 250
187 513
188 200
188 208
188 899
188 903
191 221
191 233
191 243
191 662
192 195
192 219
192 221
193 200
193 236
193 247
195 206
195 228
195 243
196 197
197 221
197 227
198 199
198 210
198 243
198 247
199 689
200 240
200 249
200 370
201 224
201 232
201 656
202 211
203 247
204 207
204 227
204 517
205 213
205 227
205 231
205 245
206 245
207 401
209 688
210 225
210 249
210 302
210 503
210 506
210 648
210 790
211 224
211 230
212 217
212 230
213 229
213 236
213 344
214 228
214 428
215 238
215 312
215 392
216 232
216 242
216 255
217 230
218 530
218 604
218 746
219 226
220 244
220 246
220 707
221 232
222 276
222 601
222 998
223 242
223 244
223 308
223 697
225 247
225 432
225 739
228 241
230 245
231 238
232 452
233 238
233 373
233 992
234 607
236 244
237 330
240 270
240 385
241 247
241 433
243 567
245 537
245 649
246 355
248 263
251 278
251 334
251 868
252 318
252 335
253 259
253 283
253 302
253 303
253 319
253 350
253 368
253 809
254 290
254 297
254 327
254 328
254 342
254 559
254 881
256 270
256 275
256 278
256 282
256 362
256 370
256 795
257 280
257 319
257 323
257 325
257 326
257 327
258 291
258 337
258 341
258 665
259 282
259 296
259 298
259 315
259 329
259 351
259 354
260 280
260 297
260 317
260 365
261 274
261 275
261 288
261 332
261 335
261 654
261 990
262 274
262 281
262 293
262 335
262 349
263 305
263 307
263 330
263 656
264 293
264 310
264 325
264 334
264 345
264 347
264 389
264 789
265 270
265 291
265 309
265 333
266 268
266 271
266 278
266 300
266 301
266 339
266 343
266 591
267 308
267 338
267 366
268 278
268 299
268 302
268 304
268 325
268 352
268 358
268 360
268 580
269 289
269 295
269 315
269 348
269 358
270 318
270 324
270 327
270 331
270 337
270 343
271 305
271 311
271 335
271 339
271 364
272 298
272 299
272 323
272 348
272 500
272 992
273 313
273 332
273 344
274 279
274 372
274 528
275 361
275 470
276 279
276 283
276 302
276 323
276 352
276 721
277 320
278 315
278 353
278 373
279 298
279 305
279 318
279 888
280 287
280 293
280 316
280 337
280 345
280 352
280 362
280 374
281 283
281 287
281 309
281 327
281 343
281 366
282 291
282 295
283 324
283 335
283 365
283 367
284 309
284 331
284 341
285 312
285 337
285 355
285 358
286 332
286 351
286 361
286 362
286 511
286 729
287 290
287 324
287 694
287 769
288 337
288 367
288 835
289 292
289 293
289 316
289 318
289 319
289 626
290 862
291 316
291 361
291 370
292 306
292 311
292 322
292 374
292 505
293 328
293 360
293 510
294 304
294 343
295 324
295 363
295 971
296 302
296 314
297 306
298 343
299 335
299 495
301 368
301 382
302 306
302 315
302 334
302 589
303 310
303 318
303 373
303 435
303 799
304 308
304 335
304 347
304 351
304 867
305 339
305 356
306 308
306 356
308 329
308 330
308 346
308 355
308 360
308 369
309 331
310 313
310 316
310 333
310 374
312 327
312 338
313 322
313 327
313 350
314 321
315 318
315 324
316 695
316 905
317 372
317 721
318 320
318 352
318 645
319 326
319 355
319 916
320 326
320 553
320 577
321 330
321 355
321 612
322 492
323 324
323 328
323 358
323 448
323 790
324 331
324 332
324 580
324 847
325 363
325 373
326 342
326 357
326 633
328 346
329 333
330 349
330 362
330 371
330 586
330 673
331 352
331 356
331 364
331 769
332 440
333 342
334 368
334 369
334 371
334 708
336 466
337 361
337 368
337 484
337 898
338 340
338 361
338 369
339 803
340 375
340 992
341 346
341 982
342 356
342 362
342 694
343 359
343 440
343 884
344 373
344 375
344 583
345 361
345 366
345 367
345 374
345 818
346 369
346 881
347 365
347 370
348 355
349 359
349 375
349 939
351 357
351 365
352 357
353 365
353 366
354 365
354 369
354 679
356 727
357 374
357 497
357 868
358 370
358 492
358 960
359 373
359 514
361 688
365 757
366 367
367 728
367 993
369 370
369 375
372 373
373 478
375 509
376 395
376 397
376 458
376 473
377 400
377 433
377 437
378 433
378 456
379 383
379 410
379 426
379 450
379 474
379 480
380 408
380 432
380 471
380 480
380 488
380 702
381 441
382 384
382 474
382 578
382 760
383 411
383 474
383 682
384 386
384 475
384 489
384 498
385 401
385 461
386 415
386 480
386 495
387 425
387 473
387 496
388 458
388 472
388 478
389 423
389 481
390 433
390 474
390 477
390 482
390 490
390 496
391 395
391 399
391 435
391 444
391 487
391 490
392 432
392 440
392 458
392 461
392 463
392 484
392 495
393 398
393 432
393 450
394 454
394 471
394 480
396 417
396 418
396 468
397 463
397 471
397 479
397 944
398 419
398 422
398 438
398 461
398 468
398 469
398 470
398 490
399 401
399 420
399 479
399 482
399 494
400 460
400 477
400 494
401 406
401 494
401 498
401 887
402 496
403 404
403 411
403 437
403 439
403 450
403 469
403 486
403 670
404 417
404 422
404 442
404 443
404 491
405 457
405 476
405 997
406 453
408 453
408 467
408 498
408 906
409 467
409 806
410 425
410 449
410 466
411 430
411 471
411 477
412 430
412 437
413 435
413 492
414 436
414 439
414 441
414 463
414 466
415 451
415 471
415 482
416 468
418 448
418 453
418 459
419 424
419 469
419 494
419 537
420 430
420 436
420 439
420 455
420 500
420 637
420 875
421 452
421 471
421 484
421 490
421 499
423 425
423 473
423 478
423 487
423 501
423 548
423 602
424 431
424 452
424 455
424 461
424 490
425 487
426 469
426 471
426 492
426 496
427 471
429 433
429 442
429 903
430 435
430 448
430 476
430 497
432 489
432 668
433 465
433 627
434 445
434 490
435 440
435 492
435 497
436 476
436 481
436 519
436 884
438 443
438 471
438 475
438 491
438 867
439 473
439 488
440 487
440 684
441 459
441 492
443 731
444 447
444 453
445 496
446 481
446 493
447 481
447 900
448 452
448 488
449 464
451 463
451 466
452 472
453 458
455 459
456 475
456 483
456 491
456 541
456 721
457 459
457 461
457 463
457 488
457 499
457 910
458 475
458 476
458 486
459 477
459 493
461 488
461 557
464 485
464 512
465 498
465 966
466 667
467 470
468 470
469 496
469 596
470 687
471 635
471 856
473 499
474 483
479 493
480 495
481 484
481 489
482 495
482 511
482 813
483 494
483 656
484 490
486 487
486 500
486 868
487 488
487 816
488 499
488 976
489 811
491 492
492 820
493 802
495 496
496 568
498 784
501 542
501 556
501 564
501 577
501 579
502 607
502 719
503 507
503 518
503 536
503 588
503 608
503 618
504 533
504 557
504 559
505 520
505 556
505 587
505 622
506 555
506 572
506 612
506 624
506 907
507 517
507 532
507 572
507 598
508 594
508 624
509 591
509 936
510 519
510 586
511 557
511 611
512 556
512 569
512 571
512 826
513 546
513 547
513 587
513 614
513 788
514 530
514 590
514 598
514 601
514 608
514 609
514 620
515 543
515 548
515 555
515 616
516 547
516 565
516 577
517 550
517 553
517 554
517 556
517 610
518 549
518 550
518 561
518 576
518 608
518 614
518 623
518 933
519 609
520 553
520 618
520 801
521 547
521 550
521 571
521 620
521 684
522 558
522 566
522 950
523 554
523 570
523 595
524 540
525 544
525 555
525 567
526 555
527 584
527 608
527 960
528 554
528 560
528 562
528 579
528 609
529 576
529 590
529 602
530 531
530 547
530 565
531 558
531 820
532 536
532 540
532 546
532 553
532 556
532 567
532 568
532 576
532 586
533 539
533 584
533 605
533 606
533 614
534 552
534 559
535 542
535 558
535 578
535 594
536 548
536 570
536 581
536 618
536 941
537 568
537 916
537 937
538 611
539 588
539 600
540 589
540 613
541 556
542 552
542 556
542 568
542 587
543 576
543 623
544 555
544 599
544 609
545 575
545 588
545 597
545 622
546 569
546 587
546 589
546 605
547 568
547 614
548 568
548 600
548 624
549 557
549 580
549 620
550 567
550 612
550 736
550 827
551 569
551 573
551 584
553 564
553 622
554 664
555 606
555 607
555 620
556 559
556 561
556 586
556 591
556 593
556 603
556 610
556 860
557 601
557 611
558 565
558 574
559 580
559 590
560 565
560 580
560 588
560 603
561 591
561 812
562 599
562 611
562 615
564 581
564 600
564 605
565 623
567 969
568 570
568 576
568 608
569 595
569 613
570 587
570 612
571 586
571 605
572 609
572 618
572 622
573 575
573 586
573 608
574 602
574 620
574 873
576 617
576 619
576 624
577 606
578 580
578 589
578 608
578 619
578 621
579 581
579 594
580 582
580 609
581 585
581 610
581 623
582 586
582 601
582 942
583 623
584 605
584 610
585 586
585 595
586 588
586 590
586 600
586 606
586 616
586 618
587 595
589 617
590 594
590 735
591 603
591 613
591 622
592 599
592 827
592 831
593 851
594 750
595 655
595 865
596 608
596 863
596 959
597 603
597 611
600 729
600 967
600 991
601 605
602 611
603 662
603 927
608 618
608 816
609 621
610 760
611 613
613 749
616 867
619 986
623 872
625 925
626 641
626 685
626 706
626 747
627 638
627 641
627 647
627 690
627 694
627 718
627 884
628 650
628 691
628 725
629 650
629 655
629 666
629 690
629 722
629 726
629 743
630 633
630 645
630 666
630 684
630 692
630 695
630 711
631 642
631 702
632 643
632 645
632 681
632 713
632 730
632 745
632 884
633 648
633 672
633 689
633 711
633 713
634 702
634 717
634 724
634 742
635 658
636 645
636 688
636 728
637 650
637 725
638 652
638 660
638 733
638 735
639 646
639 677
639 689
639 702
639 710
639 739
640 702
640 738
641 653
641 669
641 689
641 731
641 740
641 741
641 744
642 645
642 664
642 667
642 674
642 680
642 689
642 722
642 739
642 740
642 747
643 649
643 703
643 704
643 717
643 834
644 685
644 707
644 742
645 654
645 691
645 700
645 716
645 734
645 745
646 658
646 691
646 739
647 692
648 657
648 663
648 691
649 675
649 680
649 695
649 715
649 728
650 684
650 709
650 726
652 666
652 673
652 687
652 920
652 952
653 659
653 672
653 729
654 705
654 721
654 728
655 671
655 730
655 734
655 871
656 693
656 708
657 680
657 695
657 724
657 735
657 744
657 746
657 747
658 661
658 710
658 717
658 729
659 667
659 677
659 721
659 727
659 728
659 902
659 989
660 670
660 678
661 670
663 704
663 712
664 723
665 672
665 684
665 686
665 696
665 748
665 749
666 688
667 696
667 734
667 747
668 673
668 679
668 691
668 698
668 700
668 718
668 746
669 679
669 682
669 694
669 701
669 702
669 704
669 723
669 736
670 706
670 712
670 720
670 748
670 750
671 716
672 696
672 707
672 710
672 738
672 744
672 747
672 819
673 700
673 710
673 711
673 739
673 772
675 731
675 734
675 750
676 677
676 698
676 715
677 691
678 716
678 734
678 735
678 737
679 715
679 717
680 687
680 694
680 698
680 711
680 735
681 766
682 690
682 727
682 731
683 722
683 748
684 692
687 689
687 706
687 723
688 734
688 736
688 739
690 708
690 740
690 747
691 724
692 717
692 896
693 701
693 702
693 713
693 718
693 743
693 747
693 748
694 721
695 717
695 737
695 746
696 729
696 933
698 719
698 732
698 889
700 702
700 720
700 721
700 738
700 744
702 706
702 736
702 737
702 742
703 708
704 731
705 711
705 712
705 715
705 726
707 722
707 916
708 746
709 726
710 732
710 738
710 749
711 732
711 737
712 713
712 742
712 768
712 854
713 734
714 719
714 722
714 730
715 750
715 943
716 734
716 748
718 737
719 727
719 739
722 726
722 734
722 742
723 884
728 747
730 903
731 814
732 740
732 832
737 739
739 746
739 866
740 744
740 798
741 743
741 749
742 748
743 744
747 759
748 980
750 825
751 763
751 779
751 810
751 812
751 820
751 839
751 865
751 874
752 796
752 823
752 843
752 851
752 863
752 913
753 758
753 777
753 823
754 768
754 807
754 933
755 769
755 781
755 813
756 798
756 816
756 865
756 866
757 766
757 849
757 865
757 927
758 762
758 770
758 817
758 819
758 840
759 826
759 844
759 868
760 771
760 781
760 818
760 825
760 853
761 775
761 784
761 794
761 821
761 831
761 852
761 869
762 824
762 855
762 863
762 865
763 812
763 861
764 773
764 780
764 789
764 804
765 775
765 801
765 802
765 825
765 848
765 850
766 769
766 777
766 812
766 848
766 856
766 868
767 830
767 866
768 783
768 792
768 795
768 824
768 833
768 850
768 858
768 962
769 809
769 830
770 837
770 864
771 794
771 811
771 841
771 842
771 845
771 853
772 863
773 835
773 845
774 780
774 810
774 834
774 845
774 870
775 844
775 865
776 790
776 795
776 846
776 847
776 872
776 935
777 860
778 793
778 825
778 918
779 805
779 806
779 831
779 836
779 860
780 785
780 791
780 863
781 789
781 799
781 807
781 823
781 845
781 854
781 942
782 794
782 820
782 855
782 862
783 825
783 849
784 788
784 800
784 807
784 822
785 800
785 833
785 842
785 852
786 834
786 836
786 837
786 841
787 808
787 838
787 848
788 789
788 790
788 809
788 814
789 794
789 818
789 859
790 817
790 866
791 804
791 827
791 836
792 800
792 820
792 848
793 820
793 834
793 853
793 860
794 806
795 802
795 819
795 845
795 973
796 816
797 806
798 810
798 826
799 814
799 827
800 837
800 855
801 821
801 850
801 854
801 868
801 869
801 870
802 830
803 816
804 812
804 816
804 842
804 857
804 865
805 826
805 828
805 835
806 826
806 852
807 818
807 844
807 848
807 855
807 858
807 911
808 847
808 869
809 823
809 843
810 817
810 869
810 885
811 825
811 827
811 839
811 863
812 817
812 967
813 822
814 824
814 835
814 840
814 869
815 835
815 871
815 905
816 847
817 841
818 825
818 832
818 834
818 848
818 849
819 861
819 875
820 830
821 836
821 856
823 845
823 874
824 831
824 840
824 870
825 846
825 859
826 923
827 871
828 833
828 869
829 850
829 855
829 939
829 969
831 869
832 839
832 845
832 874
834 855
834 875
835 871
835 984
836 873
838 973
840 846
840 853
841 859
841 869
842 859
842 868
843 849
844 853
845 865
849 853
851 859
851 875
852 853
853 864
854 865
854 866
855 872
855 875
856 867
858 861
860 861
860 865
862 875
862 983
863 869
864 874
866 874
877 912
877 955
877 962
877 993
878 885
878 890
878 921
879 931
880 886
880 974
880 998
881 903
881 917
881 956
881 962
881 991
882 885
882 907
882 931
882 949
882 959
882 960
882 973
882 982
882 984
883 904
883 913
883 943
883 944
884 909
884 916
884 989
884 991
885 895
885 914
885 945
885 949
886 918
886 923
886 984
887 912
887 953
887 1000
888 920
888 923
888 954
888 955
888 973
888 984
889 928
889 993
890 986
891 939
891 988
892 991
893 899
893 903
893 934
893 971
893 982
894 916
894 929
895 901
895 971
895 991
896 918
896 922
896 946
896 998
897 932
897 944
897 976
897 1000
898 908
898 911
898 943
898 985
898 992
898 996
899 903
899 914
899 919
899 943
900 960
900 990
901 960
901 984
901 990
901 996
902 911
902 925
902 936
902 951
902 954
902 974
902 999
903 915
903 967
903 997
904 939
904 966
904 973
904 1000
905 923
905 984
905 985
906 913
906 991
907 915
907 954
907 976
907 980
907 982
908 998
909 951
909 958
909 969
910 914
910 977
911 927
912 970
912 981
913 932
914 924
914 937
915 937
915 940
915 950
915 962
915 988
916 940
916 949
916 954
916 976
916 986
916 993
917 968
917 998
918 933
918 1000
919 998
919 1000
920 949
920 957
920 964
921 955
922 990
923 958
923 965
923 992
924 952
924 981
925 942
925 950
925 959
926 931
926 937
926 997
927 950
927 966
927 993
927 998
928 994
929 947
930 952
931 972
932 938
932 980
932 991
933 939
933 951
933 984
934 989
934 1000
935 979
935 998
936 993
937 940
938 959
938 967
940 959
940 981
941 978
941 1000
942 999
943 972
943 992
943 996
945 972
945 976
945 983
945 995
946 961
946 984
947 952
947 954
947 960
948 966
948 978
948 986
949 970
949 988
950 970
951 953
951 956
951 972
951 983
952 959
952 965
952 984
953 991
954 962
954 979
955 975
955 985
955 988
955 1000
956 966
956 971
956 973
957 961
957 999
958 986
959 970
960 978
962 980
964 965
967 990
968 991
969 980
970 995
972 974
977 978
979 994
980 994
987 988
987 990
987 995
990 993
