1 18
1 58
1 62
1 90
1 124
2 43
2 51
2 69
2 81
2 88
2 119
2 121
2 125
2 638
3 26
3 45
3 79
3 109
3 116
3 776
4 18
4 28
4 58
4 65
4 93
4 96
4 188
5 32
5 61
5 63
5 107
5 117
6 41
6 50
6 72
6 84
6 98
6 318
6 742
7 32
7 53
7 61
7 70
7 80
7 118
8 59
8 72
8 89
8 93
8 631
9 13
9 67
9 77
9 104
9 106
9 472
10 32
10 57
10 75
10 85
10 90
10 100
10 861
11 49
11 71
11 84
12 114
12 122
12 124
13 123
13 822
13 870
14 29
14 33
14 38
14 667
15 16
15 37
16 114
16 122
16 415
17 19
17 45
17 68
17 69
17 73
17 93
18 28
18 36
18 66
18 81
19 25
19 29
19 78
19 91
19 97
19 106
19 189
20 21
20 51
21 40
21 42
21 50
21 80
21 85
21 91
21 93
21 122
21 544
22 65
22 760
23 51
23 109
23 690
23 985
24 62
24 102
24 119
24 922
25 39
25 42
25 90
25 95
25 113
25 125
26 31
26 53
26 55
26 60
26 69
26 91
27 29
27 979
28 56
28 77
28 103
28 343
28 426
28 892
29 73
29 80
29 86
29 90
29 102
29 111
29 115
29 817
30 48
30 67
30 113
30 122
31 57
31 84
31 115
31 939
32 70
32 107
32 111
32 397
32 489
32 860
33 78
33 85
33 95
34 99
34 393
35 49
35 63
35 118
36 89
36 98
36 546
36 804
37 39
38 97
38 123
39 88
39 100
39 122
39 260
39 442
40 43
40 45
40 58
40 63
40 66
40 77
40 96
41 57
41 71
41 93
42 46
42 60
42 101
42 250
42 270
42 766
43 66
43 71
43 98
43 549
44 49
44 71
44 99
44 104
44 123
44 124
45 122
46 54
46 58
46 114
46 274
47 60
47 91
47 105
47 110
47 118
47 445
47 904
48 118
49 51
49 86
49 97
50 101
50 275
50 350
52 68
52 82
52 92
52 123
52 392
52 630
53 78
53 121
53 623
53 708
53 943
54 72
54 79
54 84
54 86
54 96
54 125
54 507
54 899
55 76
55 313
55 779
57 316
58 72
59 81
59 112
59 730
60 76
60 89
60 97
60 114
61 100
61 116
61 125
62 63
62 75
62 165
62 218
62 980
63 78
63 369
63 383
64 80
64 579
64 947
65 78
65 85
65 89
65 99
65 120
66 104
66 116
66 678
67 112
67 145
68 91
68 118
69 109
69 142
69 438
70 227
70 744
71 82
71 113
71 475
72 80
72 120
72 290
73 77
73 543
73 591
74 101
74 107
74 689
75 734
76 80
76 97
76 118
77 154
78 88
79 120
79 368
79 789
79 809
80 108
80 118
80 306
81 100
82 86
82 102
82 110
82 939
83 107
84 112
84 181
85 110
85 192
86 239
87 101
87 899
88 123
89 113
89 614
92 118
92 149
93 112
94 613
95 97
95 112
95 113
95 125
95 451
96 106
97 111
98 158
99 105
99 113
100 104
100 797
101 125
101 435
102 134
103 907
104 385
104 514
104 641
104 681
104 726
105 939
106 124
109 125
109 792
110 112
110 118
110 124
111 120
112 118
112 555
113 592
114 833
114 910
115 123
115 769
118 334
118 444
119 418
120 458
120 511
121 975
123 252
123 507
123 885
123 907
125 142
126 147
126 262
126 410
126 481
127 144
127 147
127 158
127 171
127 176
127 187
127 223
127 227
127 662
128 230
128 234
129 167
129 194
129 205
129 221
130 177
130 223
130 240
130 250
130 935
131 154
131 159
131 161
131 208
131 210
131 241
131 242
131 245
131 856
132 211
132 221
133 144
133 173
133 175
133 189
133 218
133 234
134 135
134 228
135 136
135 138
135 142
135 157
135 219
135 229
135 343
136 184
136 218
136 243
137 151
137 226
137 227
137 241
138 170
138 192
138 195
138 818
139 141
139 169
139 194
140 158
140 159
140 166
140 178
140 186
140 188
140 190
140 208
140 216
140 227
140 247
141 176
141 184
141 196
141 812
142 146
142 205
142 228
143 161
143 170
143 186
143 192
143 844
144 183
144 250
144 386
144 764
145 155
145 163
145 185
145 205
145 499
146 151
146 180
146 195
147 150
147 165
147 193
147 229
147 249
147 807
148 208
148 233
148 508
149 163
149 177
149 253
150 155
150 221
150 228
150 232
150 677
150 787
150 804
151 191
151 198
151 212
151 242
152 208
153 175
153 184
153 340
153 370
153 729
154 163
154 199
154 204
154 532
155 188
155 200
155 829
156 181
156 223
156 398
157 173
157 186
157 187
157 289
157 426
158 179
158 220
159 174
159 190
159 280
159 338
159 573
159 586
160 166
160 207
162 173
162 180
162 191
162 197
162 914
163 189
163 200
163 214
163 562
164 171
164 174
164 227
164 241
165 241
166 174
166 177
166 247
167 193
167 198
167 207
167 508
168 196
168 226
168 235
169 173
169 199
169 221
169 225
169 589
170 183
170 194
170 223
170 224
170 249
170 938
170 983
171 177
171 198
172 192
172 216
172 415
173 207
173 230
173 340
173 884
175 247
175 465
176 204
176 223
176 224
177 189
177 233
177 434
178 542
179 213
179 227
179 502
179 975
180 201
181 192
181 370
182 188
182 196
182 218
182 559
183 184
183 204
183 218
184 190
184 197
184 219
184 763
184 850
184 916
185 199
185 236
186 207
187 190
187 193
187 236
187 248
187 640
188 246
188 771
189 658
190 242
191 220
191 561
192 226
192 236
192 241
192 245
193 202
193 224
193 777
194 223
194 225
194 241
194 399
195 221
195 246
196 219
196 222
196 229
196 242
196 758
197 874
198 211
198 214
200 240
200 249
201 242
202 204
202 222
202 585
202 975
203 240
204 218
204 752
205 206
205 396
205 505
205 842
207 217
207 223
207 692
207 798
208 238
208 272
208 352
209 359
209 437
209 889
210 216
210 980
211 217
211 648
213 227
213 841
214 226
214 235
214 241
214 245
215 233
216 217
217 225
217 236
217 727
217 978
219 224
219 237
219 244
219 250
219 291
219 801
223 243
223 617
223 877
223 884
224 240
224 283
227 230
227 240
227 243
228 243
229 577
230 246
230 250
231 250
231 514
232 237
232 242
233 507
235 236
235 464
235 571
235 994
236 470
237 780
238 239
239 535
239 540
239 994
240 242
241 244
241 839
242 243
244 987
247 614
248 370
248 407
251 285
251 364
252 254
252 266
252 267
252 305
252 602
253 271
253 342
253 345
253 347
253 352
253 359
253 361
253 549
253 838
253 923
254 265
254 273
254 281
254 283
254 285
254 293
254 308
254 328
254 343
254 557
255 275
255 290
255 544
256 270
256 280
256 364
257 305
257 312
257 333
257 355
257 623
258 308
258 317
259 271
259 277
259 289
259 294
259 960
260 283
260 308
260 316
260 327
260 509
261 323
261 324
261 325
262 273
262 275
262 289
262 299
262 371
262 783
263 295
263 300
263 328
264 281
264 304
264 307
264 315
264 321
265 279
265 360
265 365
266 276
266 357
266 363
267 282
267 303
267 310
267 314
267 323
267 343
267 809
267 885
268 286
268 368
268 989
269 311
269 314
269 350
269 374
269 904
270 276
270 329
270 350
270 877
270 933
271 297
271 324
271 325
271 337
271 343
271 349
271 542
271 754
272 284
272 334
272 789
273 333
273 371
273 511
274 338
274 363
274 369
275 367
275 368
275 369
276 286
276 315
277 296
277 321
277 322
277 341
277 359
277 591
278 364
278 642
279 326
279 330
280 284
280 293
280 312
280 318
280 333
280 350
280 362
280 373
281 297
281 318
281 354
281 371
282 304
282 338
283 286
283 315
283 344
284 286
284 305
284 326
284 341
284 372
285 286
285 308
285 310
285 356
285 360
285 368
286 295
286 312
286 338
286 344
286 710
287 295
287 306
287 336
288 297
288 369
288 742
289 325
289 362
290 305
290 321
292 297
292 304
292 552
293 295
293 320
293 327
293 403
294 301
294 339
294 347
294 356
294 697
295 329
296 299
296 300
296 320
296 340
296 344
296 369
297 316
297 318
297 327
297 328
297 338
297 364
297 691
298 311
298 341
298 360
298 362
298 364
298 846
299 302
301 317
301 320
301 337
301 354
301 553
301 789
302 311
302 338
303 309
304 355
306 345
306 358
306 367
306 422
307 312
307 317
307 323
307 332
307 352
307 367
307 948
308 314
308 331
309 315
309 325
309 359
309 563
310 336
310 351
310 356
310 367
311 677
312 320
312 329
313 316
313 346
313 368
313 899
314 315
314 320
314 366
315 350
315 992
316 319
316 336
316 340
316 350
316 371
316 393
317 333
317 342
317 364
317 398
318 370
318 373
318 569
318 870
318 976
319 331
319 346
319 360
319 747
320 323
320 328
321 340
321 354
321 937
322 360
324 327
324 353
324 356
324 375
325 331
325 344
326 351
326 364
327 334
327 341
327 365
327 725
328 337
328 831
329 370
329 571
330 363
330 367
330 370
331 332
331 364
331 369
332 337
332 364
333 367
333 757
335 375
335 539
336 337
336 354
336 363
336 371
338 354
338 374
339 353
339 653
340 351
340 361
341 364
341 580
343 394
344 363
344 367
346 352
346 940
347 520
347 885
348 352
348 355
348 787
349 362
349 706
350 369
350 965
352 612
352 897
352 962
353 371
353 373
353 775
356 683
357 436
358 364
358 366
358 375
358 619
358 634
359 370
359 371
359 888
360 363
362 369
362 370
363 367
363 575
363 648
363 960
364 365
366 367
366 368
367 368
367 659
368 369
368 989
370 822
374 706
375 497
376 482
376 485
377 415
377 446
377 474
377 993
378 384
378 394
378 434
378 463
378 837
379 395
379 440
379 457
379 465
379 466
379 490
380 416
380 418
381 386
381 404
381 413
381 423
381 473
381 494
381 830
381 958
382 413
383 415
383 416
383 425
383 433
383 450
383 474
383 485
383 491
384 388
384 398
384 405
384 413
384 421
384 461
385 480
385 484
387 396
387 433
387 454
387 485
387 498
388 423
388 440
388 497
389 400
389 406
389 471
389 494
390 418
390 424
390 470
390 566
391 420
391 424
391 454
391 658
392 395
392 436
392 480
392 490
392 500
393 394
393 432
393 434
393 449
393 481
394 401
394 430
394 452
394 497
394 707
395 399
395 451
395 469
395 474
396 410
396 456
396 470
396 495
396 500
396 585
397 401
397 402
397 481
397 597
398 420
398 437
398 448
399 444
399 451
400 406
400 429
400 478
400 495
401 424
401 489
402 443
402 495
403 479
403 491
403 492
403 711
403 874
404 706
404 795
405 490
405 632
405 689
406 469
406 749
406 828
407 425
407 430
407 441
407 500
408 437
408 483
408 490
409 422
409 432
409 439
409 443
409 470
409 485
409 498
410 424
410 436
410 483
410 494
411 470
411 471
411 472
411 497
412 448
412 487
412 490
413 468
413 469
413 485
413 489
414 446
414 480
414 481
415 428
415 464
415 495
415 799
417 843
418 421
418 423
418 431
418 488
418 615
419 435
419 451
419 452
419 470
419 484
420 427
420 478
420 498
421 488
422 453
422 457
422 474
423 428
423 442
423 632
424 470
424 739
424 931
425 428
425 468
425 475
426 427
426 432
426 447
426 480
426 704
427 613
427 869
428 475
428 597
428 601
429 486
429 499
429 955
430 440
430 456
430 474
430 477
430 484
430 497
430 498
430 930
431 438
431 449
431 458
431 490
432 464
432 498
433 434
433 465
434 467
434 478
434 490
435 458
435 463
435 467
435 469
435 494
436 447
436 614
437 455
437 475
437 478
437 500
438 453
438 555
439 442
440 452
441 486
441 494
441 495
441 691
441 886
442 455
442 729
443 479
444 494
445 470
445 500
445 540
446 475
446 497
447 463
447 497
448 457
448 469
448 499
449 455
449 456
449 459
450 472
450 476
451 458
451 970
452 472
453 567
454 456
454 509
454 538
454 641
454 894
456 466
457 478
457 949
458 463
458 473
458 484
458 507
458 660
459 491
460 468
461 465
461 486
461 498
461 917
461 926
462 486
463 474
463 497
464 469
465 490
465 499
466 492
467 479
467 628
468 474
469 472
471 478
471 479
472 475
472 500
474 558
475 493
476 490
477 489
477 729
478 487
478 956
482 485
483 489
485 647
485 873
486 706
488 519
488 832
488 925
490 494
490 592
492 585
495 685
498 829
499 732
501 506
501 557
501 560
501 605
501 610
502 539
502 546
502 588
502 602
502 642
503 506
503 567
503 623
504 526
504 537
504 586
504 598
504 607
504 615
505 599
505 602
505 624
506 511
506 514
506 515
506 544
506 546
506 577
507 515
507 532
507 580
507 619
507 933
508 536
508 611
509 567
509 594
509 613
509 624
510 517
510 541
510 579
510 589
510 613
511 544
512 534
513 554
513 595
513 612
513 838
513 909
514 550
514 579
514 614
515 518
515 541
515 561
515 573
515 578
515 604
515 612
516 535
516 542
516 609
516 612
516 613
516 759
517 522
517 530
517 539
517 575
517 596
517 604
518 532
518 547
518 550
518 588
518 640
519 559
519 561
519 567
519 578
520 522
520 540
520 544
520 549
520 571
520 606
521 552
521 555
521 594
522 603
522 610
523 534
523 587
523 598
523 607
524 556
524 558
524 597
524 600
524 608
525 596
525 603
526 579
526 588
526 605
526 609
527 529
527 554
528 576
528 599
528 609
529 580
530 532
531 532
531 538
531 570
531 577
531 579
531 620
532 601
532 704
533 584
533 594
534 539
534 581
534 603
535 554
535 557
535 559
535 595
535 603
536 545
536 575
536 604
537 618
537 978
539 551
539 562
539 582
539 593
540 552
540 623
541 574
541 576
541 580
542 625
542 910
543 575
543 596
543 617
543 982
544 551
544 560
544 587
544 613
544 614
544 672
545 562
545 640
546 550
546 558
546 723
546 963
547 549
547 560
547 610
548 569
548 584
548 623
549 550
549 597
549 622
550 564
550 941
551 587
551 596
552 565
552 581
553 596
553 601
553 605
554 569
554 581
554 599
554 612
554 614
555 589
555 617
556 581
556 618
557 558
557 576
557 768
558 579
558 702
559 597
559 699
559 845
561 566
561 568
562 625
562 874
563 600
563 608
564 570
564 622
565 602
566 587
567 577
568 582
569 599
569 609
569 624
569 675
570 575
570 605
570 615
571 580
571 604
571 606
571 798
572 583
572 587
572 612
573 621
574 587
574 661
574 807
576 594
576 605
577 599
577 979
578 579
578 588
578 788
579 595
579 887
581 623
581 741
582 597
583 586
584 592
584 595
584 601
584 604
585 604
588 606
588 759
589 594
589 617
589 638
591 607
591 614
593 609
593 615
594 615
594 622
595 615
596 602
596 604
596 621
598 600
600 612
600 836
601 610
602 623
604 849
605 951
608 609
608 615
609 712
610 619
613 981
619 624
619 861
622 832
625 650
625 793
626 632
626 639
626 666
626 726
626 727
626 744
627 630
627 693
627 724
627 728
627 733
627 742
627 747
627 776
628 631
628 635
628 660
628 661
628 726
628 729
629 640
629 641
629 644
629 656
629 723
630 660
630 663
630 677
630 688
630 696
630 712
630 720
630 735
630 809
631 637
631 639
631 671
631 691
631 704
631 875
632 722
633 650
633 655
633 683
633 729
633 795
633 962
634 647
634 665
634 680
634 699
634 704
635 663
635 680
635 700
635 738
635 747
636 659
636 674
636 746
637 650
637 651
637 678
637 680
637 713
637 749
638 642
638 654
638 669
638 733
639 643
639 666
639 680
639 690
639 705
639 713
639 717
639 743
639 863
640 743
641 642
641 651
641 659
641 674
641 681
641 696
641 715
642 651
642 711
642 737
642 746
643 653
643 696
643 713
643 731
643 742
644 670
644 684
644 690
644 697
644 705
645 705
645 721
645 724
645 750
646 668
646 702
646 706
646 722
646 749
647 744
648 715
648 746
649 651
649 699
649 703
650 692
650 713
651 654
651 687
651 691
651 725
651 727
651 987
652 667
652 784
652 889
653 688
653 699
654 665
654 730
654 733
655 669
655 702
655 708
655 719
655 731
656 681
656 683
656 710
656 742
657 731
658 682
658 707
658 744
659 670
659 685
659 691
659 692
659 703
659 727
659 742
661 716
661 750
662 675
662 876
663 706
663 714
663 720
663 733
663 737
663 965
664 668
664 718
664 725
665 690
665 727
665 746
665 748
666 679
666 687
666 722
666 737
667 671
667 698
667 713
668 672
668 737
668 750
669 722
669 725
670 691
670 720
671 690
671 707
671 722
671 732
671 744
672 700
672 749
673 680
673 690
673 702
673 709
673 717
674 719
674 812
675 684
675 718
676 725
676 746
676 749
677 697
677 702
677 709
677 721
677 738
678 713
678 741
679 747
681 727
681 736
681 744
681 748
681 809
682 700
682 706
682 740
683 730
683 963
684 709
684 711
684 723
684 733
685 729
686 690
686 719
686 726
687 715
687 728
688 690
688 695
688 721
689 693
689 715
689 734
689 923
690 695
690 703
690 706
690 713
691 700
691 982
692 722
693 730
693 741
693 749
694 724
694 731
694 742
694 799
695 732
695 816
696 722
696 746
697 745
698 717
698 718
698 746
699 713
700 712
700 713
700 738
700 740
700 866
701 999
702 705
702 716
703 716
704 747
705 736
705 997
706 746
708 735
710 725
710 734
710 736
710 745
711 715
711 734
711 750
712 715
712 907
713 934
714 747
714 749
715 743
716 721
716 728
716 741
717 724
717 736
717 750
719 729
719 740
720 745
720 906
721 725
721 734
723 736
723 743
723 744
724 726
726 728
727 734
727 746
728 734
729 747
730 736
731 749
732 733
732 734
732 741
732 771
734 831
737 740
737 941
741 745
746 750
749 926
751 772
751 875
752 777
752 802
752 807
752 839
753 778
753 811
753 829
753 851
753 863
753 864
753 867
753 873
754 776
754 794
754 801
754 821
755 779
755 827
755 872
756 775
757 831
757 837
758 764
758 768
758 814
758 817
758 842
759 763
759 788
759 808
759 849
760 773
760 784
761 788
761 793
761 858
761 865
762 810
762 821
762 824
762 835
762 865
763 779
763 791
763 809
763 859
763 873
764 771
764 775
764 780
764 824
764 826
764 834
764 847
764 867
765 802
765 840
766 796
766 837
766 867
766 872
767 780
767 787
767 814
767 853
767 869
768 814
768 861
769 793
769 851
769 873
770 772
770 793
770 796
770 805
771 812
771 820
771 850
772 835
773 785
773 800
773 831
774 782
774 791
774 795
774 800
774 805
775 792
775 800
775 829
775 864
776 783
776 868
777 784
777 853
778 779
778 788
778 799
778 803
778 829
778 831
778 871
779 818
779 822
779 839
779 845
779 850
779 856
779 857
780 818
780 851
780 858
781 787
782 829
782 853
782 859
783 824
784 804
784 820
784 826
785 830
785 831
785 846
785 856
785 873
786 799
786 810
787 807
787 822
788 831
789 801
789 829
789 857
790 814
791 804
791 840
791 853
791 854
791 867
792 807
792 829
792 833
792 863
793 805
793 824
793 852
794 811
794 826
794 827
795 854
795 872
796 809
796 821
796 822
797 806
797 813
798 818
798 830
798 835
798 838
798 844
798 865
799 809
799 847
800 815
800 826
800 853
801 841
801 862
802 839
803 820
803 837
803 866
804 806
804 850
804 870
805 826
805 831
806 807
806 810
806 826
806 851
807 824
807 859
807 887
809 815
809 833
809 849
809 853
809 875
810 849
810 854
810 869
811 817
811 825
811 837
811 868
813 817
813 832
815 822
816 836
816 837
817 850
817 863
817 909
818 835
818 855
819 842
819 916
820 854
822 853
823 852
823 854
824 902
825 834
825 837
825 844
825 883
826 846
829 859
829 872
830 841
830 843
830 872
833 858
833 984
834 892
835 839
835 865
835 874
838 848
839 849
840 855
840 861
841 857
841 869
841 927
842 852
845 854
846 859
847 849
848 863
853 860
854 860
854 871
855 868
856 868
857 872
859 933
861 863
862 865
869 870
872 873
872 970
876 877
876 947
877 887
877 938
877 966
878 938
878 965
878 967
879 929
879 941
880 887
880 950
880 957
880 983
881 890
881 920
881 921
881 935
881 942
881 976
881 983
881 997
882 937
882 954
883 923
884 918
884 924
884 933
884 938
886 891
886 934
886 965
886 985
886 987
886 989
887 904
887 983
887 996
888 943
888 993
889 891
889 918
889 942
889 955
889 971
890 915
890 942
890 957
890 992
891 934
891 941
891 975
891 993
892 899
892 926
892 939
892 964
892 976
892 993
893 911
893 949
893 979
893 982
893 990
894 931
894 945
894 975
894 982
894 986
895 910
896 970
897 916
897 919
897 923
897 931
898 936
898 937
898 942
899 913
899 916
899 967
900 916
900 917
900 952
900 965
900 973
901 933
901 952
901 963
903 943
903 963
903 990
903 991
903 994
904 912
904 918
904 926
904 931
904 946
904 954
904 963
904 998
905 954
905 965
905 999
906 927
906 986
906 990
906 994
907 925
907 989
908 925
909 910
909 922
909 931
909 951
909 975
910 925
910 930
910 953
910 959
910 987
911 942
911 946
911 990
912 914
912 935
912 982
913 932
913 948
913 997
914 955
914 980
915 956
915 988
917 931
917 936
918 923
918 942
918 951
918 952
918 984
918 994
919 944
919 990
920 925
920 987
921 936
921 937
921 962
921 978
922 996
924 936
924 953
924 954
925 928
925 932
925 939
925 989
926 932
926 969
927 946
927 956
927 987
928 940
928 966
928 979
928 986
928 989
929 958
929 983
929 993
929 994
930 986
931 937
931 938
932 945
934 983
935 948
935 958
935 990
935 996
936 982
936 988
937 980
938 949
938 986
940 946
940 986
940 991
941 949
941 958
942 980
942 996
942 997
943 946
943 947
944 968
944 975
944 981
945 951
945 988
946 951
946 958
946 973
947 991
948 958
948 972
949 955
952 953
952 956
952 995
953 967
954 960
954 973
954 975
954 976
955 968
956 983
957 960
957 963
958 967
959 970
959 996
960 969
960 975
961 963
964 966
964 989
966 979
966 991
967 984
968 986
968 993
970 998
971 996
972 974
972 983
974 980
974 984
974 988
974 996
974 998
974 1000
979 990
981 982
982 987
984 997
985 987
985 991
990 995
990 997
992 997
