1 33
1 36
1 74
1 98
1 104
1 107
1 668
2 16
2 17
2 83
2 115
2 122
2 642
3 54
3 68
3 92
4 52
4 106
4 999
5 58
5 100
5 118
5 252
5 668
6 9
6 19
6 24
6 27
6 37
6 59
6 76
6 82
6 95
6 100
6 118
6 220
7 20
7 49
7 82
7 464
8 52
8 107
9 27
9 68
10 31
10 118
11 36
11 69
11 95
11 103
12 53
12 65
12 76
12 104
12 264
12 507
13 19
13 21
13 22
13 31
13 50
13 86
13 92
13 110
14 49
14 61
14 73
14 108
14 121
14 164
14 498
15 23
15 50
15 78
15 410
15 440
15 712
16 123
16 164
16 454
17 65
17 80
17 98
17 101
17 110
18 42
18 77
18 111
19 31
19 76
19 110
20 39
20 80
20 91
20 110
20 119
21 47
21 77
21 840
21 929
22 56
22 66
22 90
22 91
22 151
22 157
22 959
23 50
23 89
23 99
23 110
24 376
24 400
24 669
25 32
25 43
25 47
25 88
25 89
25 91
25 751
25 967
26 45
26 64
26 69
26 89
26 112
26 605
27 83
27 92
27 101
27 761
28 41
28 124
29 32
29 47
29 48
29 60
29 77
29 88
29 113
30 42
30 63
30 123
32 44
32 56
32 83
33 77
33 86
33 94
33 120
34 88
34 89
34 90
34 506
34 877
34 890
35 38
35 59
35 67
36 103
36 111
36 120
37 54
37 94
37 101
37 445
38 57
38 112
38 161
39 76
39 102
39 225
39 264
39 463
40 88
40 95
40 100
40 104
40 180
40 296
41 55
41 70
41 79
41 80
41 393
42 43
42 124
43 50
43 98
44 119
45 117
45 119
45 966
46 62
46 64
46 82
46 118
46 124
46 373
47 84
47 101
47 125
48 67
48 77
48 106
48 121
48 123
48 570
49 92
49 102
50 51
50 70
50 544
51 61
51 79
51 81
51 702
52 79
52 87
52 123
53 111
54 69
54 120
54 166
55 57
55 59
55 117
55 302
56 99
56 110
57 67
57 70
57 75
57 109
57 420
58 73
59 100
59 121
59 125
60 68
60 106
61 105
61 106
62 67
62 105
62 106
62 161
62 904
63 504
64 736
64 759
65 82
65 113
66 68
66 100
66 114
66 118
66 121
67 91
67 99
67 637
68 108
69 99
69 179
69 459
70 121
71 125
72 246
72 336
73 78
73 85
74 629
75 76
75 103
75 110
75 115
75 878
76 88
77 80
77 99
77 124
78 87
78 447
78 759
78 855
78 964
79 89
79 96
79 108
79 151
80 528
81 109
81 111
81 113
81 137
81 181
81 305
81 906
82 110
82 351
82 878
83 102
83 120
84 114
84 120
84 586
85 871
86 122
87 98
87 100
87 103
87 114
87 143
87 689
87 985
88 94
88 760
89 120
89 125
89 167
90 123
90 125
91 102
91 116
91 122
91 125
92 102
92 106
92 117
92 443
92 893
92 997
94 394
94 610
95 112
95 125
96 106
96 487
97 100
97 116
97 121
97 122
97 853
98 107
98 488
99 105
99 118
99 536
99 623
99 832
100 105
100 122
101 105
101 667
103 510
103 792
104 123
105 115
105 868
106 155
107 951
108 114
109 112
109 119
109 120
110 125
110 780
111 113
112 125
112 271
114 124
114 667
115 330
116 547
118 124
118 524
118 533
118 862
119 880
120 784
121 122
121 124
122 550
124 936
126 146
126 148
126 163
126 175
126 190
126 194
126 228
126 233
126 249
126 326
126 991
127 137
127 176
127 315
127 331
127 375
127 658
127 975
128 146
128 199
128 200
128 201
128 209
128 216
128 758
128 806
129 157
129 180
129 216
130 172
130 186
130 189
130 233
130 238
130 769
131 138
131 213
132 142
132 149
132 161
132 172
132 181
132 208
132 214
132 223
132 782
132 823
133 134
133 153
133 169
133 226
133 232
133 372
133 760
134 142
134 158
134 167
134 175
134 179
134 207
134 210
135 157
135 186
135 193
135 206
135 216
135 222
135 230
136 167
136 188
136 233
136 450
137 175
137 178
137 212
137 232
138 154
138 228
138 236
139 178
139 180
139 207
140 152
140 158
140 164
140 211
140 241
141 189
141 248
142 170
142 205
142 217
143 173
143 175
143 203
143 381
143 452
144 226
145 186
145 187
145 847
146 216
146 481
146 522
147 148
147 192
147 212
148 164
148 196
148 198
149 159
149 221
149 245
150 191
150 229
150 320
151 172
151 199
151 245
151 270
151 352
152 216
152 233
152 305
153 161
153 187
153 220
153 237
153 440
154 239
155 178
155 179
155 208
156 228
156 246
156 604
156 879
157 160
157 225
157 515
158 170
158 224
158 241
158 444
159 162
159 168
159 197
159 218
159 230
160 166
160 168
160 175
161 172
161 173
161 175
161 184
161 614
161 811
161 986
162 176
162 189
162 192
162 401
163 166
163 170
163 232
163 247
164 190
164 230
165 178
165 200
165 217
165 218
165 222
165 485
165 569
166 167
166 202
166 222
166 228
166 239
166 997
167 186
167 199
167 223
167 235
168 227
169 201
169 510
170 175
170 192
170 235
170 686
171 208
171 210
172 175
172 214
172 234
172 402
172 851
172 951
173 210
173 221
174 178
174 187
174 196
174 681
175 211
175 239
175 554
175 589
175 744
176 191
176 214
176 357
177 179
177 184
177 208
177 209
177 222
178 192
178 196
178 197
178 212
178 413
180 181
180 197
180 203
180 213
180 225
180 226
180 230
180 233
180 471
181 189
181 219
182 217
182 235
182 245
183 186
183 198
183 209
184 191
184 234
184 506
185 213
185 239
185 241
185 685
186 221
186 248
186 249
187 245
187 249
188 205
188 225
188 244
188 245
189 209
189 401
190 191
190 214
190 222
190 243
191 220
191 244
192 197
192 230
192 237
192 239
193 238
194 219
194 226
194 228
194 588
194 860
194 875
194 895
195 226
195 243
195 463
195 590
195 643
196 209
196 215
196 747
197 208
197 231
197 310
197 574
198 208
198 891
199 213
199 231
199 247
199 630
200 230
200 250
200 482
201 203
201 223
201 231
201 235
202 216
202 245
202 544
203 479
204 222
204 856
205 230
205 892
206 669
207 241
207 246
207 763
208 216
208 220
209 216
209 243
210 211
210 233
210 240
210 242
211 228
211 241
211 244
212 238
213 515
213 714
214 216
214 270
214 771
214 910
215 221
215 234
215 244
215 250
215 309
216 796
217 295
217 636
217 883
218 543
218 922
219 241
219 246
220 224
220 225
220 248
220 407
221 230
221 247
221 475
221 537
222 662
223 239
225 234
229 237
229 860
229 956
229 969
231 237
232 294
232 695
232 711
233 560
234 243
234 437
235 249
236 800
236 878
237 968
238 243
241 248
241 254
244 249
250 886
250 975
251 266
251 284
251 293
251 338
251 375
252 268
252 282
252 290
252 291
252 313
252 343
252 367
252 685
253 259
253 295
253 308
253 311
253 318
253 328
253 375
254 311
254 334
254 337
254 375
255 353
255 516
256 274
256 286
256 336
256 529
256 834
257 325
258 315
258 346
258 351
258 367
259 260
259 283
259 286
259 703
260 281
260 284
260 285
260 329
260 353
261 264
261 308
261 353
261 529
262 293
262 310
262 332
262 555
263 273
263 292
263 341
263 370
263 375
264 296
264 315
264 369
264 375
264 404
264 482
265 304
265 372
266 334
266 335
267 290
267 298
267 312
267 316
267 353
268 347
268 529
268 601
268 669
268 687
269 274
269 284
269 307
269 350
270 286
270 323
270 339
270 342
270 362
270 813
271 276
271 283
271 335
271 987
272 286
272 287
272 301
272 314
272 318
272 348
272 353
272 355
272 361
273 276
273 623
273 663
274 314
274 370
275 284
275 308
275 312
275 368
275 678
275 976
276 293
276 297
276 327
276 345
276 363
277 303
277 329
277 970
278 303
278 307
278 347
279 290
279 313
279 335
279 358
279 366
279 751
280 285
280 286
280 324
280 325
280 328
281 306
281 314
281 319
281 356
281 358
281 619
282 290
282 297
282 308
282 332
282 337
283 292
283 366
284 372
285 298
285 310
285 327
285 351
285 368
286 297
286 305
286 334
286 346
286 620
286 639
287 307
287 313
287 323
287 332
287 444
287 487
287 773
288 364
288 545
289 311
289 350
290 303
290 708
291 306
291 330
291 348
291 460
291 884
291 956
292 345
292 363
293 298
293 368
295 308
295 620
296 360
297 323
297 362
297 375
298 368
300 836
301 425
302 332
302 360
303 306
303 339
303 348
304 315
304 325
304 342
304 343
304 729
305 310
305 328
305 359
306 311
306 312
306 332
306 342
306 362
306 370
307 712
307 929
308 314
308 369
309 322
309 354
309 403
309 692
309 998
312 330
312 441
313 322
313 943
314 316
314 339
314 375
314 589
315 340
316 365
317 341
317 347
319 335
319 947
320 328
320 345
320 350
321 334
321 337
321 346
322 352
322 357
322 360
322 777
323 334
323 583
324 341
324 737
325 364
326 345
326 352
326 369
326 529
326 582
327 361
327 364
327 579
327 653
327 786
328 514
328 648
329 367
330 335
330 346
330 362
333 346
333 372
333 563
333 845
334 406
335 357
336 346
336 347
336 348
337 752
341 353
341 371
341 422
341 566
341 581
342 497
343 458
343 580
345 358
345 373
346 359
346 365
346 383
348 405
349 355
350 371
351 367
351 652
353 364
354 360
354 367
354 429
354 473
354 677
356 360
357 362
357 859
358 364
358 372
358 373
358 512
359 891
360 373
360 539
360 666
362 453
363 369
366 758
367 373
367 705
367 922
372 389
372 925
374 510
376 382
376 399
376 452
376 472
377 412
377 429
377 439
377 478
378 385
378 394
378 404
378 405
378 410
378 470
378 475
378 484
378 496
378 659
379 479
379 488
379 499
380 389
380 394
380 416
381 383
381 403
381 451
382 414
382 421
382 477
382 484
383 402
383 409
383 426
383 764
384 385
384 398
384 401
384 449
384 456
384 458
384 864
384 926
385 387
385 420
385 427
385 470
385 475
385 679
386 433
386 458
386 471
386 484
386 485
387 396
387 443
387 447
388 392
388 443
388 469
388 615
389 393
389 404
389 439
389 440
389 458
389 577
390 408
390 465
390 483
390 580
391 442
391 487
392 415
392 423
392 448
392 987
393 397
393 470
393 561
394 493
395 416
395 428
395 479
395 486
396 473
396 487
397 399
397 490
398 453
398 456
398 490
398 500
398 878
399 402
399 418
399 422
399 994
400 402
400 411
400 445
400 482
400 499
401 424
401 542
401 875
402 413
402 417
402 441
402 489
402 492
402 494
402 619
403 453
404 409
404 410
404 427
404 494
405 417
405 467
405 499
406 425
406 429
406 437
406 490
407 420
407 445
408 439
409 412
409 436
410 465
410 481
410 483
411 418
412 431
412 435
412 472
412 486
413 417
413 433
413 493
413 589
414 432
414 459
414 971
415 420
415 484
415 495
415 498
415 876
415 896
416 477
417 457
417 478
417 489
417 941
418 425
419 454
419 491
419 663
420 456
420 460
420 499
421 427
421 468
421 498
421 626
422 426
422 430
422 679
423 427
423 445
423 466
423 491
423 792
424 428
425 426
425 444
426 466
427 438
427 482
427 494
428 450
428 451
429 431
429 464
430 485
431 467
431 766
432 448
432 835
433 444
433 461
434 490
434 500
435 481
435 489
435 491
435 590
436 450
436 482
437 449
437 983
438 453
439 454
439 456
439 461
439 703
440 474
440 535
440 857
441 485
441 699
442 485
443 454
443 459
443 497
444 463
444 494
445 450
445 452
445 459
445 494
445 496
446 453
446 471
446 482
446 488
447 470
447 479
447 489
447 703
447 799
448 454
448 479
448 690
449 455
449 475
449 496
450 999
451 459
451 480
451 616
451 748
452 465
452 471
453 473
453 641
453 948
454 455
454 457
454 464
454 490
455 498
456 469
456 483
456 493
457 467
457 475
457 895
458 470
458 718
459 736
460 465
460 497
460 962
462 980
463 468
465 478
466 477
467 494
467 997
468 487
469 470
469 471
470 487
470 714
471 495
471 693
471 810
472 473
472 882
473 492
473 497
475 761
476 484
476 491
476 970
477 487
477 496
477 815
483 602
484 485
485 492
486 657
487 659
489 584
490 545
492 496
497 672
500 970
501 524
501 991
502 509
502 539
502 559
503 560
503 563
503 590
503 604
503 615
503 621
503 833
504 514
504 546
504 550
504 556
504 571
504 593
504 613
504 621
505 551
505 578
505 580
505 608
506 578
506 579
506 604
507 524
507 564
507 587
507 595
508 529
508 558
508 592
508 597
509 513
509 537
509 550
509 565
509 578
510 538
510 543
511 601
511 618
512 533
513 538
513 540
513 586
513 617
513 953
514 536
514 569
514 577
514 613
514 709
514 952
515 583
515 606
515 613
516 529
516 530
516 547
516 556
516 575
516 577
516 615
516 619
516 734
517 536
517 582
517 587
517 597
517 615
517 624
518 519
518 521
518 535
518 574
518 620
518 837
519 533
519 582
519 590
519 611
519 815
520 536
520 538
520 562
520 596
520 612
520 622
521 539
521 556
521 560
521 569
521 573
521 585
521 792
522 532
522 537
522 542
522 584
522 594
522 599
523 524
523 526
523 539
523 547
523 603
523 610
523 618
524 528
524 573
525 567
525 601
525 615
525 621
526 611
527 539
527 586
527 610
527 617
528 529
528 542
528 587
528 604
528 607
529 568
529 619
530 551
530 565
530 596
530 609
530 613
530 825
531 563
532 546
532 814
533 535
534 542
534 566
534 571
534 607
534 611
534 612
534 848
534 962
535 542
535 557
535 575
535 576
535 580
535 583
535 592
536 546
536 809
536 924
537 647
538 568
538 579
538 600
538 757
539 551
539 563
539 565
539 582
540 544
540 554
540 604
540 809
540 877
540 930
541 552
541 554
541 608
542 590
542 599
542 608
543 565
543 599
543 624
544 618
544 876
545 569
545 589
545 600
546 598
546 625
546 703
547 583
547 584
547 602
547 625
548 589
548 620
549 557
549 575
549 625
549 696
550 609
550 617
551 564
552 606
553 596
553 604
554 565
554 576
554 582
554 586
554 595
555 591
555 614
556 568
556 603
557 592
557 604
557 620
557 868
558 610
559 561
559 585
559 611
560 586
561 571
561 574
561 593
561 617
561 620
562 583
562 586
562 600
562 602
562 604
563 610
563 613
564 567
565 601
565 610
566 573
566 588
567 589
567 615
568 573
568 605
570 597
570 606
570 614
570 868
571 591
571 596
572 582
572 602
573 605
573 623
573 987
574 575
574 577
574 624
575 578
575 591
575 609
575 681
577 584
577 586
577 617
578 594
578 622
579 594
579 599
580 611
581 582
581 591
582 595
582 597
583 597
584 602
584 613
586 618
586 774
587 592
587 593
587 594
587 595
587 600
587 614
587 624
587 864
588 593
589 624
589 698
593 600
593 608
594 623
594 808
595 599
595 678
598 621
599 944
600 619
601 603
601 609
601 613
601 623
601 637
602 614
603 612
607 827
607 977
609 614
609 627
610 751
614 622
616 830
616 949
617 622
617 625
620 791
621 836
622 624
622 842
626 629
626 630
626 631
626 639
627 682
627 709
627 731
628 638
628 639
628 658
628 741
629 674
629 819
630 668
630 689
630 742
631 656
631 705
631 734
632 637
632 645
632 666
632 716
632 959
632 976
633 635
633 644
633 665
633 681
633 693
633 747
633 795
634 654
634 707
635 667
635 694
635 708
635 711
636 662
636 663
636 673
636 853
636 859
637 662
637 698
637 724
638 677
638 694
638 697
638 726
638 929
639 672
639 706
639 715
639 720
639 723
639 724
639 747
640 701
640 702
641 657
641 664
641 677
641 685
641 709
641 720
642 690
642 700
642 709
642 722
642 736
644 658
644 676
644 685
645 652
645 730
645 734
645 738
646 649
646 736
647 660
647 670
647 690
647 698
647 741
648 678
648 704
648 749
649 661
649 680
649 701
649 703
649 721
649 723
649 732
649 749
650 668
650 685
650 712
650 725
650 735
650 994
651 664
651 686
651 700
651 709
651 715
651 738
652 692
652 749
653 688
653 695
653 704
653 738
653 850
654 734
654 749
655 669
655 691
656 658
656 661
656 742
657 898
658 674
658 678
658 705
658 950
659 678
660 700
660 716
660 734
661 795
662 667
662 681
662 695
662 708
662 727
662 741
663 686
663 749
664 672
664 686
664 688
664 724
664 953
665 696
665 739
665 905
666 683
666 692
666 725
666 729
666 747
666 827
667 674
667 698
667 703
667 705
667 732
668 677
668 829
669 711
669 716
669 732
669 741
669 744
670 692
671 707
671 717
671 740
672 686
672 692
672 696
672 711
672 750
672 835
673 683
673 695
674 676
674 690
674 706
674 738
675 686
675 696
675 718
675 738
675 750
676 749
676 904
677 681
677 686
677 712
677 755
678 698
678 729
678 730
678 964
679 692
679 735
679 741
679 967
680 717
680 734
680 744
681 749
682 701
682 713
682 715
682 747
682 748
682 749
682 750
683 684
683 693
684 686
684 717
684 745
684 749
685 689
685 726
685 732
685 735
685 741
685 742
687 713
687 730
687 735
687 765
688 692
688 720
688 738
688 742
688 750
689 696
691 729
691 742
692 703
692 746
693 730
694 700
694 705
694 717
694 718
694 729
694 741
695 734
696 719
696 731
696 740
696 926
697 714
697 728
697 805
698 712
699 730
699 736
700 701
700 716
701 710
701 743
701 792
701 818
702 723
703 707
703 728
703 743
703 800
705 712
705 731
707 730
707 748
708 738
708 739
708 748
711 721
712 744
714 749
715 728
716 737
716 908
717 733
717 744
717 749
719 750
720 751
720 773
721 738
721 740
721 829
723 734
723 736
723 747
723 802
724 737
724 763
726 731
726 740
727 744
727 897
729 748
729 790
731 871
732 735
734 740
734 744
735 746
737 753
739 946
741 885
743 958
747 812
748 922
751 785
751 800
751 817
751 832
752 832
753 784
753 839
754 766
754 780
754 815
754 819
754 868
754 874
755 771
755 810
755 819
755 841
755 842
756 783
756 794
756 798
756 814
756 863
757 774
757 811
757 814
757 821
757 874
758 813
758 851
758 857
758 864
759 790
759 816
759 834
759 866
759 873
760 788
760 830
760 853
760 869
761 767
761 771
761 808
761 837
761 871
762 766
762 842
763 807
763 808
763 814
763 850
763 870
763 872
764 765
765 852
765 864
766 803
766 804
766 835
766 838
767 788
767 907
768 807
768 808
768 861
768 872
769 826
769 828
769 845
769 867
770 799
770 832
770 845
770 897
770 910
771 777
771 809
771 814
771 816
771 824
772 809
772 810
773 792
773 830
774 785
775 788
775 790
775 804
775 835
775 839
775 848
776 800
776 803
776 844
776 874
777 803
777 806
777 840
778 780
779 803
779 823
780 783
780 796
780 815
780 856
780 1000
781 790
781 833
781 837
781 843
781 858
781 874
782 797
782 866
782 992
783 788
783 839
784 786
784 794
784 803
784 866
785 860
786 838
786 869
787 811
787 826
788 840
788 849
788 885
789 847
790 804
790 842
790 849
791 795
791 808
791 871
791 912
792 814
792 821
792 838
792 841
793 862
794 825
795 844
796 809
796 814
796 874
797 819
797 857
797 861
798 802
798 852
799 804
799 809
799 815
799 838
799 851
800 862
801 821
802 811
802 828
802 851
803 851
803 852
804 860
805 808
805 847
806 811
806 821
806 871
807 810
807 819
807 864
808 842
809 846
809 855
809 871
810 820
811 814
811 822
812 832
812 848
812 874
813 858
814 820
814 853
814 882
815 820
815 852
816 823
816 847
817 841
817 858
819 853
820 835
820 847
820 869
821 825
821 840
821 843
821 864
822 846
822 864
822 867
823 838
824 830
824 842
824 846
824 988
825 861
826 846
826 861
826 887
827 869
828 840
828 873
829 833
829 843
829 850
830 838
830 850
830 875
831 833
831 836
831 859
831 866
832 837
834 870
836 867
837 874
838 857
839 852
840 844
840 849
840 857
840 864
840 868
840 873
842 847
842 873
842 875
843 851
845 864
845 867
846 854
846 867
847 866
849 854
850 851
850 864
854 869
855 856
856 857
856 905
860 978
861 869
863 869
865 889
865 912
865 962
874 875
876 883
876 897
876 923
876 927
876 960
876 973
877 883
877 894
877 930
877 960
878 937
878 940
878 956
878 972
879 881
879 893
879 920
879 942
879 963
879 965
879 975
880 921
880 1000
881 889
881 908
881 954
881 964
881 975
881 983
882 890
882 981
882 1000
883 925
883 948
883 975
884 934
884 949
885 913
885 948
885 1000
886 922
886 945
886 949
886 986
886 989
886 998
888 894
888 897
888 982
888 992
888 993
888 999
889 924
889 962
889 981
889 982
889 1000
890 900
890 965
891 947
892 920
892 921
892 956
893 904
893 916
893 941
893 961
894 919
894 953
894 977
895 945
895 947
895 972
896 914
896 927
896 990
897 933
897 953
897 974
897 987
897 999
898 986
898 997
899 940
899 960
899 972
900 915
900 932
901 914
901 948
901 952
902 905
902 912
902 969
902 977
902 983
902 984
903 918
903 995
904 911
904 927
904 951
905 911
905 921
905 933
905 964
906 950
906 953
906 963
906 967
906 972
907 909
907 918
907 987
908 912
908 980
908 983
908 991
911 913
911 959
912 922
912 946
912 967
912 969
912 976
912 984
913 958
913 965
913 976
914 915
914 957
914 974
915 947
915 985
915 988
915 989
916 917
916 993
917 973
917 981
917 986
917 992
918 934
918 973
918 979
919 932
919 937
919 957
920 956
920 968
920 982
921 951
923 931
923 978
923 989
924 929
924 932
924 953
924 972
925 941
926 951
927 929
927 954
928 968
928 979
929 995
930 940
930 974
930 992
932 933
932 951
932 967
932 999
933 958
934 935
934 945
934 956
934 989
934 999
935 972
935 986
936 950
937 946
941 970
942 984
942 992
943 998
944 959
944 965
944 1000
945 960
946 983
947 979
948 975
948 984
949 961
949 969
949 980
949 992
949 996
950 981
951 989
952 965
952 974
953 962
953 969
953 979
955 968
955 974
956 964
957 978
957 990
958 971
959 991
961 972
961 978
961 1000
962 970
963 991
964 975
964 985
964 995
966 977
967 999
968 985
968 995
970 988
973 991
973 997
976 1000
979 984
980 987
980 990
980 991
980 998
981 982
981 993
982 983
982 985
983 995
986 996
990 998
990 999
992 998
