1 28
1 51
1 72
1 423
2 5
2 26
2 41
2 122
2 669
3 7
3 69
3 71
3 90
3 120
4 7
4 49
4 64
4 81
4 83
4 96
4 101
4 112
4 950
5 56
5 91
6 40
6 47
6 68
6 75
6 78
6 82
7 20
7 62
7 66
7 110
7 125
7 870
8 93
9 15
9 78
9 95
9 118
9 442
10 33
10 54
10 56
10 58
10 115
10 221
10 261
10 316
10 638
10 819
10 839
11 72
11 82
11 108
11 738
12 31
12 105
12 125
12 665
13 22
13 47
13 124
13 802
14 48
14 51
14 88
14 106
14 109
14 902
15 56
15 58
15 110
15 325
16 36
16 39
16 80
16 115
16 191
17 67
17 74
17 84
18 49
18 65
18 66
18 83
18 91
19 46
19 96
19 167
19 587
20 41
20 66
20 99
20 945
21 47
21 79
21 82
21 96
21 115
22 25
22 48
22 81
22 100
23 38
23 88
23 94
24 80
24 115
25 70
25 74
26 678
27 102
27 111
27 483
28 50
28 103
28 326
28 412
29 60
29 65
29 73
29 86
29 576
30 42
30 93
30 117
30 120
31 67
31 376
32 80
32 83
32 121
33 64
33 85
33 721
34 39
34 50
34 54
34 107
34 604
34 844
35 42
35 107
36 43
36 204
36 228
36 651
36 729
37 230
37 383
37 852
38 44
38 106
38 115
38 116
38 260
38 744
39 60
39 70
39 118
40 58
40 72
40 83
40 91
40 114
40 246
42 56
42 124
42 468
42 647
43 71
43 83
43 106
43 121
43 831
44 74
44 75
44 92
44 477
45 63
45 82
45 98
45 111
45 180
45 695
45 896
45 950
46 51
46 122
46 123
46 896
47 59
47 71
47 119
47 914
48 72
48 84
48 438
49 52
49 68
49 101
49 106
49 527
49 769
50 70
50 79
50 80
50 94
50 95
50 99
50 103
50 105
50 278
50 666
51 774
52 57
52 467
52 682
53 100
53 113
53 715
54 67
54 112
54 487
54 522
55 117
56 75
56 99
56 115
56 888
57 102
58 111
58 115
58 495
58 952
60 66
60 89
60 91
60 104
61 118
61 468
61 529
61 593
62 94
62 712
63 99
63 119
63 483
64 259
65 66
65 67
65 569
66 102
66 125
67 69
67 80
67 97
67 100
67 104
67 525
68 79
70 699
71 80
71 219
71 270
72 97
72 511
73 113
73 117
73 125
73 258
73 895
74 89
74 92
74 107
74 322
77 124
77 125
78 86
78 490
78 650
79 124
79 893
80 86
80 93
81 745
81 929
83 383
83 392
84 87
84 90
84 725
85 97
85 110
85 116
86 99
86 599
88 100
88 121
88 195
88 505
89 118
89 294
90 109
90 386
91 619
92 103
92 106
92 606
92 611
93 103
93 141
93 970
94 115
95 960
96 97
96 142
96 317
96 994
98 113
98 122
99 998
100 113
101 120
101 810
102 120
104 162
105 116
105 733
105 818
105 823
106 199
106 295
106 418
107 117
107 281
107 293
111 116
113 114
115 116
115 868
118 309
118 396
118 551
119 122
120 461
122 490
124 835
126 136
126 144
126 219
126 227
126 380
127 162
127 169
127 293
127 949
128 170
128 182
129 172
129 178
129 181
129 182
129 213
129 241
129 294
130 166
130 196
130 205
130 206
130 214
130 226
130 232
130 233
130 240
130 430
131 182
131 189
131 228
131 240
133 241
133 248
133 642
133 770
133 960
134 136
134 145
134 199
134 213
134 225
134 230
134 247
135 136
135 155
135 157
135 196
135 225
136 175
136 223
136 289
137 142
137 158
137 177
137 183
137 187
137 188
137 196
137 205
137 232
137 771
138 176
138 180
138 198
138 218
138 245
138 383
138 440
138 881
138 953
139 145
139 153
139 232
139 388
139 694
139 789
140 141
140 148
140 157
140 185
140 231
140 244
140 245
141 156
141 330
141 372
141 547
141 750
141 774
142 178
142 180
142 190
142 222
142 232
142 334
143 149
143 168
143 176
143 235
143 240
143 278
143 642
144 159
144 167
145 162
145 163
145 167
145 188
145 778
145 828
146 217
146 229
146 861
147 190
147 216
147 232
147 245
148 180
148 222
149 173
149 222
149 230
149 234
149 238
149 241
149 561
150 163
150 185
150 198
150 260
150 984
151 155
151 176
151 233
151 296
151 667
152 196
152 204
152 216
152 225
152 249
152 414
152 538
153 172
153 195
153 236
154 242
155 163
155 193
155 205
155 320
156 166
156 236
156 248
157 166
157 215
158 162
158 169
158 175
158 210
158 236
159 202
159 224
159 228
159 579
159 615
159 662
159 706
159 822
160 189
160 209
160 230
160 245
160 985
161 171
161 231
161 659
161 694
161 922
162 189
162 223
162 234
162 241
162 812
162 858
162 988
163 169
163 182
163 210
163 217
163 226
163 239
163 755
163 921
164 170
164 179
164 202
164 209
164 224
164 235
164 686
164 994
165 175
165 243
165 943
166 175
166 195
166 235
167 206
167 208
167 210
167 250
167 597
168 202
168 212
168 247
168 585
169 193
169 206
169 239
170 192
170 672
170 990
171 231
171 248
171 589
172 179
172 225
172 619
172 692
173 219
173 221
173 242
174 191
174 230
174 885
175 187
175 192
176 200
176 206
176 207
176 237
176 470
176 663
176 711
176 901
177 186
177 215
177 218
177 219
177 241
178 517
179 184
180 198
180 204
180 620
181 208
181 232
181 815
182 202
182 230
183 204
184 185
186 208
186 247
187 247
187 524
187 911
187 947
188 218
188 879
189 205
189 217
189 218
189 219
189 221
189 239
190 220
190 245
190 277
191 197
191 228
191 240
191 311
191 818
192 219
192 236
192 250
193 203
193 224
193 231
193 235
193 407
193 621
194 209
194 248
195 196
195 207
195 212
195 230
195 240
195 990
196 197
197 245
199 201
199 600
200 216
200 415
200 630
201 212
201 987
202 213
202 217
202 222
202 244
203 206
203 233
204 209
204 831
205 359
206 212
206 647
207 219
207 580
208 218
208 220
208 271
209 226
209 231
209 296
210 228
210 233
211 217
211 224
211 225
211 245
213 228
213 241
213 249
213 628
213 928
214 237
214 848
215 216
215 470
215 739
215 896
215 910
216 237
216 741
217 219
218 223
218 800
219 393
219 501
221 246
221 539
222 226
222 285
222 353
223 250
224 242
224 244
224 531
224 654
225 231
225 248
227 542
227 701
228 240
228 934
229 503
229 513
230 250
232 250
232 598
233 368
233 437
233 879
233 899
234 242
235 241
236 243
236 921
238 660
239 476
241 412
241 802
242 749
242 912
244 569
244 739
244 913
245 768
247 479
250 390
250 972
251 267
251 282
251 295
251 330
251 342
252 261
252 263
252 276
252 354
252 936
253 254
253 305
253 351
253 571
253 627
253 989
254 286
254 639
255 309
255 320
255 340
255 351
255 356
255 692
256 284
256 287
256 327
256 364
257 283
257 300
257 331
257 343
258 267
258 281
258 283
258 284
259 283
259 298
259 312
259 322
259 330
259 341
259 471
260 291
260 292
260 319
260 327
260 332
260 344
260 353
260 766
261 302
261 324
261 354
261 368
262 306
262 330
262 343
262 348
262 363
262 506
263 270
263 277
263 351
264 278
264 285
264 307
264 339
264 358
264 552
265 674
266 284
266 337
266 349
267 308
267 318
267 323
267 324
267 338
268 306
268 360
268 372
269 328
269 333
269 366
269 367
269 372
269 600
270 291
270 320
270 840
271 295
271 298
271 304
271 330
271 561
272 285
272 358
272 685
273 288
273 294
274 296
274 308
274 327
274 332
274 889
275 332
275 338
275 340
275 367
275 545
276 305
276 312
276 318
276 323
276 332
276 337
276 339
276 346
276 386
276 559
276 715
277 281
277 307
277 768
278 309
278 411
278 689
279 304
279 327
279 352
279 361
280 353
280 361
280 366
280 392
280 621
281 305
281 327
281 373
281 931
282 301
282 690
283 304
283 332
283 359
283 367
283 373
284 293
284 332
284 335
285 310
285 336
285 855
286 306
286 328
286 336
286 343
286 360
286 870
287 303
287 309
287 351
287 508
287 887
287 933
288 323
288 339
289 292
289 332
289 365
289 728
290 345
290 358
290 363
290 840
291 305
291 313
291 348
291 350
292 299
292 342
292 429
293 313
293 332
294 345
294 351
294 615
295 330
295 347
295 549
296 318
296 345
296 732
296 755
296 979
297 304
297 308
297 327
297 958
298 299
298 346
298 641
299 345
299 350
299 372
300 308
300 342
300 353
300 371
300 721
301 347
301 353
301 360
301 373
302 315
302 339
302 678
302 989
302 990
303 335
304 317
305 355
305 375
306 327
306 338
306 348
306 361
307 323
308 323
308 362
308 375
309 347
310 326
310 370
310 603
311 331
311 643
311 716
312 334
313 351
313 373
313 826
313 836
314 337
314 356
314 366
314 592
314 626
315 317
315 347
316 327
316 702
317 346
317 372
319 335
319 346
319 367
319 723
320 354
321 330
321 344
321 519
321 537
322 335
322 585
324 346
324 371
325 337
326 581
326 672
327 357
327 372
327 645
329 356
329 357
329 370
329 639
329 671
329 946
330 335
330 363
330 370
331 335
331 345
331 373
331 924
332 339
332 360
332 368
332 375
333 344
333 350
333 359
334 365
335 362
335 589
335 644
336 723
337 373
337 985
338 695
338 752
339 356
339 370
340 369
342 349
342 364
342 369
342 572
342 898
343 363
343 723
344 373
344 554
344 942
345 353
346 350
346 360
346 367
347 365
347 373
347 870
348 357
349 760
349 993
350 363
350 374
351 543
351 790
351 811
351 819
352 364
353 367
353 371
354 368
354 823
355 358
355 391
355 498
355 714
356 357
357 371
358 823
359 450
361 666
362 384
363 374
363 847
366 724
369 373
369 430
372 425
374 894
375 460
376 390
376 425
376 471
376 951
377 471
378 391
378 441
378 444
378 493
379 423
379 429
379 439
379 445
379 484
379 491
379 751
380 388
380 400
380 411
380 421
380 448
380 459
380 470
380 874
381 412
381 441
381 459
381 498
381 665
382 389
382 399
382 420
382 453
383 403
383 440
383 500
384 442
384 477
385 400
385 435
385 445
385 499
385 743
386 389
386 419
386 476
387 391
387 443
387 482
387 487
388 389
388 464
388 609
388 761
389 396
389 442
389 477
389 941
390 434
390 444
390 457
390 483
390 496
391 400
391 419
391 428
391 435
391 439
391 449
391 450
391 476
391 479
391 484
391 498
392 395
392 420
392 451
392 454
392 471
392 484
393 415
393 421
394 614
395 414
395 421
395 460
396 427
396 449
397 405
397 435
397 462
397 466
398 407
398 436
398 475
398 903
399 413
399 416
399 429
399 478
399 490
399 593
399 904
400 441
401 409
401 442
401 480
401 482
402 460
402 472
402 482
402 487
402 746
403 436
403 446
403 472
403 477
403 602
403 890
403 948
404 433
404 541
405 412
405 427
406 480
407 408
408 427
408 433
408 755
409 470
409 475
409 647
411 421
411 443
411 445
411 499
412 449
412 451
412 797
413 436
413 447
414 415
414 438
414 443
414 453
414 460
414 463
414 467
414 485
414 550
415 447
415 475
415 498
415 519
415 612
415 613
416 419
416 463
417 450
417 467
417 469
418 487
418 532
419 441
419 452
420 431
420 468
420 469
421 462
422 466
422 518
422 582
423 444
423 448
423 478
424 441
424 456
424 458
424 464
424 477
424 797
425 456
425 483
425 526
426 443
426 479
427 441
427 476
427 498
427 657
427 984
428 446
429 435
430 474
430 600
431 444
431 500
431 981
432 485
432 487
433 445
433 487
433 498
434 444
434 454
434 464
434 489
435 440
435 459
435 461
435 500
435 655
436 447
437 461
437 470
437 473
438 466
438 475
438 482
438 487
438 957
439 456
439 473
440 442
440 452
441 447
441 466
441 853
442 445
442 469
442 474
442 482
443 456
443 489
443 490
443 491
443 497
444 482
445 460
445 539
445 790
445 850
446 473
448 491
448 500
449 457
449 489
449 839
449 927
450 852
451 651
452 458
452 459
453 470
453 471
453 481
453 797
454 456
455 467
455 470
456 495
457 493
457 962
458 493
459 475
459 487
459 798
460 486
461 466
461 471
461 477
461 483
461 494
461 508
461 810
461 875
463 474
463 491
463 903
464 492
465 491
465 500
466 597
467 469
467 472
467 495
467 498
468 481
468 969
469 485
471 482
472 490
472 660
473 489
473 619
474 500
475 847
476 489
477 499
478 500
478 877
480 860
480 919
481 487
481 778
481 967
486 923
491 493
491 993
492 920
495 972
499 622
500 596
501 526
501 561
501 603
501 609
502 538
502 547
502 558
502 587
502 596
502 598
502 619
503 514
503 525
503 537
503 539
503 612
504 509
504 511
504 527
504 534
504 563
504 568
504 622
504 785
505 572
505 578
505 651
506 517
506 613
506 620
507 509
507 510
507 541
507 555
507 586
507 590
508 532
508 574
508 610
509 515
509 570
509 615
509 624
510 546
510 572
510 581
510 768
511 529
511 538
511 549
511 587
511 600
511 603
512 518
512 519
512 531
512 576
512 595
513 522
513 551
513 622
513 809
514 611
514 613
514 615
514 709
515 582
515 610
515 977
516 573
516 609
516 613
516 751
516 807
517 527
517 577
517 594
517 595
517 836
518 578
518 597
518 622
519 520
519 529
519 531
519 557
519 572
519 605
520 542
520 559
520 562
520 592
520 621
521 545
521 573
521 583
521 600
521 601
522 570
522 574
522 576
522 602
522 610
522 622
523 535
523 538
523 552
523 565
524 563
524 586
524 595
524 607
525 542
525 558
525 603
526 572
526 587
526 601
526 823
527 585
527 599
527 606
527 607
528 610
528 621
530 568
530 610
530 754
531 580
531 705
531 858
532 547
532 551
533 576
533 585
533 595
533 607
533 622
533 623
535 568
535 572
535 580
536 834
537 561
537 588
537 612
537 614
537 617
538 571
538 582
538 600
540 548
540 552
540 553
540 580
541 577
541 603
541 985
542 588
543 547
543 558
543 586
544 556
544 558
544 573
545 548
545 556
545 585
546 548
546 580
546 595
546 759
547 568
547 613
548 589
548 605
548 620
549 562
549 568
549 604
549 841
550 563
550 582
550 592
550 610
551 558
551 568
552 558
552 559
552 594
552 599
553 558
553 564
553 576
553 606
554 601
555 570
555 584
556 563
556 577
556 596
557 568
557 616
557 621
558 575
558 593
558 621
560 594
561 577
561 613
561 618
561 872
561 925
562 572
562 583
562 587
563 598
563 603
563 611
563 622
563 765
565 571
565 593
565 617
566 574
566 587
566 592
566 612
567 614
567 621
568 576
568 603
569 586
569 587
570 597
570 606
571 588
572 578
573 576
573 614
573 828
574 577
574 590
574 606
574 858
575 594
575 601
575 610
575 891
576 852
577 579
577 607
578 594
579 606
579 618
580 862
583 602
584 847
585 597
585 610
585 616
585 774
586 603
586 757
587 603
587 612
589 590
589 610
590 602
590 619
593 613
595 600
595 620
595 621
595 688
597 624
598 617
599 615
599 620
600 610
601 612
602 619
602 725
603 609
604 607
605 901
607 782
608 613
613 651
613 830
614 816
614 928
616 739
617 994
619 822
621 624
623 791
625 866
626 648
626 671
626 689
626 706
627 647
627 722
627 731
627 745
627 747
628 649
628 673
629 691
629 701
629 748
630 682
630 694
630 704
630 726
631 638
631 647
631 664
631 690
631 866
632 655
632 656
632 694
633 650
633 714
634 651
634 669
634 676
635 655
635 662
635 678
635 695
635 704
635 727
636 647
636 648
636 722
636 729
636 748
637 692
637 700
637 748
637 939
638 667
638 686
638 701
638 734
638 763
639 702
639 709
639 725
639 749
641 713
641 724
642 673
642 708
642 746
643 670
643 745
643 851
644 699
644 702
645 658
645 659
645 679
645 684
645 723
645 741
645 747
646 666
646 681
646 865
647 666
647 670
647 694
647 914
648 674
648 687
648 715
648 739
648 832
648 862
649 680
649 720
649 734
650 653
650 661
650 719
650 724
650 736
651 681
651 702
651 733
651 744
651 748
652 687
652 724
652 737
653 657
653 663
654 679
654 707
654 733
655 661
655 668
655 683
656 657
656 700
656 708
657 668
657 678
657 706
657 729
658 710
659 679
659 688
659 747
659 788
660 665
660 686
660 697
660 744
662 684
662 694
662 801
663 664
663 706
663 715
664 675
664 717
665 686
665 702
665 720
665 748
666 670
666 744
667 675
667 709
667 744
668 705
668 715
668 771
669 724
670 705
670 719
671 695
671 726
671 739
671 748
671 840
672 706
672 718
672 741
673 724
673 728
673 735
673 739
674 677
674 715
674 742
674 745
674 749
675 676
675 681
675 702
675 888
676 743
677 716
678 682
678 703
678 724
678 729
679 691
679 725
679 737
680 739
681 709
682 683
682 704
682 717
682 734
683 718
683 722
684 714
684 814
685 714
685 833
686 734
686 737
686 746
687 694
688 730
688 740
689 702
689 715
689 737
690 727
690 747
690 895
691 711
692 697
693 710
693 728
693 741
694 724
694 998
695 697
696 699
696 715
696 723
696 981
697 725
698 723
700 716
701 711
701 725
701 729
701 742
702 734
703 707
703 710
703 747
704 714
704 724
704 733
704 745
704 964
705 727
705 731
706 730
706 744
706 913
707 731
708 710
708 727
708 745
711 717
712 733
713 774
714 923
715 726
715 994
716 721
716 739
717 746
719 732
720 738
721 729
721 739
721 804
723 724
723 725
723 736
725 735
726 733
726 734
726 745
726 814
727 729
728 731
730 733
730 750
731 747
731 748
733 939
738 827
741 747
741 945
743 750
745 827
746 881
748 839
749 960
751 800
751 821
751 827
751 848
751 870
752 771
752 798
752 869
753 754
753 757
753 802
753 856
753 868
753 873
754 819
754 820
754 825
755 809
755 811
756 780
756 830
757 759
757 762
757 779
757 787
757 803
757 833
757 869
758 775
758 784
758 825
758 862
759 830
760 783
760 802
760 817
760 867
760 875
760 951
761 789
761 811
761 854
762 790
762 793
762 813
763 825
763 830
764 827
764 861
765 786
765 805
765 822
765 836
765 847
766 798
766 806
766 823
767 791
767 815
767 817
768 770
768 773
768 788
768 857
769 794
769 801
769 810
769 834
769 841
769 873
770 771
770 853
770 861
771 794
771 818
771 866
771 868
772 816
772 850
773 807
773 816
773 825
773 942
774 802
774 850
775 804
775 875
776 781
776 845
776 850
776 869
777 836
777 863
778 800
778 807
778 819
779 842
780 819
780 846
780 869
781 800
781 803
781 846
781 873
782 811
782 842
783 791
783 832
784 818
785 813
785 828
785 845
785 870
785 871
786 794
787 794
787 810
787 833
787 874
787 875
788 867
788 970
789 794
789 832
789 850
790 797
790 814
790 835
790 870
791 801
791 804
791 842
791 859
792 826
792 861
792 873
793 805
794 821
794 822
794 835
794 838
795 810
795 812
795 818
795 829
795 856
795 873
796 807
796 840
796 852
796 865
796 873
796 978
797 855
798 804
798 860
799 816
799 837
799 863
800 928
801 836
801 867
802 844
802 850
804 807
804 830
804 842
804 849
804 865
804 977
805 830
805 849
806 853
806 935
807 843
807 847
808 852
808 874
809 829
809 871
810 843
810 847
811 820
811 838
811 844
811 855
812 850
812 860
812 866
812 875
814 861
815 861
816 834
816 855
816 865
817 848
818 827
819 873
820 825
820 869
821 860
823 836
823 844
824 850
826 830
826 848
826 862
826 875
827 854
827 864
827 867
827 937
830 834
830 836
830 848
831 873
834 842
834 844
834 854
834 875
835 854
835 972
838 845
839 863
840 847
840 855
840 871
841 853
841 859
841 932
844 852
846 949
847 857
848 875
849 851
849 856
849 860
851 852
851 911
854 864
855 868
855 902
855 924
857 862
859 871
860 861
861 875
864 867
865 866
869 876
873 936
874 875
876 957
876 975
876 997
877 891
877 956
877 965
877 970
877 987
878 899
878 914
878 948
878 950
878 971
878 988
878 993
879 903
879 955
879 964
880 890
880 947
880 953
880 958
880 973
880 979
881 898
881 914
881 946
881 977
882 910
882 911
882 920
882 925
882 967
882 971
883 916
883 949
883 979
883 980
884 891
884 897
884 922
884 925
884 928
884 950
884 995
885 898
885 919
885 928
885 968
885 990
886 888
886 930
886 973
886 986
887 908
887 912
887 949
888 901
888 920
888 923
888 938
888 999
889 906
889 909
889 953
890 891
890 904
890 933
890 937
890 991
891 959
891 974
891 989
892 899
892 958
893 924
893 957
894 898
894 947
894 956
894 984
894 998
895 897
895 909
896 926
896 963
896 1000
897 901
897 913
897 919
897 926
897 965
897 994
898 962
898 991
899 958
900 965
901 902
901 950
901 995
902 927
903 904
903 927
903 944
903 945
903 958
903 982
903 986
904 949
905 908
905 940
905 973
905 975
905 976
905 981
906 931
906 952
906 953
906 958
906 999
907 948
907 971
907 973
907 985
907 998
909 913
909 924
909 942
909 985
910 912
910 927
910 942
911 916
911 919
911 933
911 943
911 951
911 995
912 933
913 930
913 939
914 915
914 955
914 979
915 935
915 943
915 951
915 959
915 995
916 930
916 995
917 989
918 922
918 937
918 941
918 942
918 978
919 933
919 945
919 959
919 975
920 948
921 979
923 938
923 953
923 957
924 952
924 961
924 971
925 932
925 994
926 961
927 928
927 964
929 961
930 948
931 943
931 973
932 933
933 937
933 941
933 979
933 997
934 956
934 985
934 989
935 959
935 978
935 984
938 957
938 977
938 978
940 971
940 972
940 978
942 962
942 981
943 960
943 980
944 947
945 984
945 992
946 955
947 950
947 967
947 975
947 992
948 958
948 976
948 988
948 993
948 998
949 954
949 977
950 978
950 981
952 969
952 1000
953 979
954 956
954 963
954 972
954 982
955 988
956 970
956 988
956 990
956 996
959 971
960 1000
964 998
965 983
965 997
966 993
968 999
970 974
970 997
971 990
974 983
975 984
975 994
975 997
978 979
982 996
985 1000
986 997
990 994
994 1000
996 997
