1 22
1 36
1 56
1 58
1 61
1 63
1 79
1 113
1 371
1 596
2 17
2 29
2 83
2 91
2 101
2 103
2 106
2 113
2 116
2 117
2 856
3 15
3 25
3 28
3 33
3 37
3 83
3 84
3 98
3 404
4 7
4 16
4 17
4 54
4 55
4 69
4 87
4 110
4 119
5 21
5 47
5 60
5 92
5 96
5 97
5 109
5 111
5 116
5 122
5 123
6 9
6 39
6 48
6 96
6 97
6 107
6 108
6 155
7 12
7 29
7 63
7 91
7 104
7 112
8 17
8 30
8 46
8 54
8 69
8 89
8 121
8 404
9 12
9 17
9 35
9 44
9 51
9 76
9 88
9 197
9 392
9 869
10 46
10 70
10 863
11 24
11 45
11 50
11 59
11 66
11 68
11 117
11 118
11 123
11 551
12 18
12 26
12 31
12 56
12 90
12 91
12 107
12 109
12 110
12 114
12 798
13 14
13 55
13 79
13 256
13 309
13 833
14 26
14 36
14 43
14 50
14 76
14 93
14 96
14 104
14 109
14 116
14 119
14 123
15 18
15 26
15 29
15 35
15 46
15 51
15 56
15 65
15 72
15 76
15 109
16 21
16 48
16 101
16 105
16 120
16 123
16 125
17 34
17 52
17 59
17 69
17 98
17 109
17 577
17 578
17 709
18 24
18 34
18 38
18 49
18 99
18 693
19 40
19 43
19 53
19 70
19 74
19 85
19 110
19 119
19 120
19 226
19 657
20 23
20 31
20 41
20 74
20 85
20 88
20 104
20 109
20 119
20 462
21 31
21 32
21 33
21 55
21 106
21 121
21 125
22 45
22 62
22 66
22 74
22 93
22 106
22 113
22 114
22 735
23 27
23 28
23 32
23 37
23 38
23 46
23 49
23 54
23 62
23 77
23 78
23 99
23 114
23 119
23 384
23 823
23 841
24 39
24 67
24 90
24 103
24 482
24 713
24 775
25 31
25 50
25 54
25 84
25 87
25 933
26 29
26 39
26 46
26 81
26 85
26 104
26 136
26 866
27 43
27 62
27 70
27 76
27 82
27 97
27 106
28 39
28 58
28 76
28 78
28 84
28 86
28 90
28 97
28 103
28 105
28 340
28 435
29 79
29 87
29 630
30 38
30 41
30 73
30 81
30 89
30 100
30 106
30 107
30 111
30 117
30 123
30 737
31 34
31 50
31 78
31 86
31 92
31 96
31 97
31 100
31 103
31 113
31 117
31 920
32 54
32 61
32 75
32 80
32 96
32 100
32 116
32 124
32 133
32 168
32 459
33 64
33 73
33 81
33 93
33 100
33 108
33 337
34 35
34 39
34 41
34 45
34 48
34 50
34 63
34 73
34 81
34 114
34 240
34 703
34 972
34 994
35 54
35 70
35 88
36 42
36 55
36 80
36 107
36 122
36 760
37 43
37 52
37 55
37 59
37 67
37 99
37 110
37 275
37 348
37 887
38 62
38 63
38 66
38 68
39 61
39 74
39 78
39 82
39 83
39 108
39 111
39 120
39 719
40 44
40 45
40 47
40 53
40 81
40 83
40 88
40 97
40 110
40 117
40 124
41 52
41 57
41 73
41 96
41 104
42 46
42 52
42 56
42 63
42 72
42 73
42 88
42 94
42 95
42 313
43 50
43 71
43 94
43 95
43 108
43 317
43 860
43 879
43 886
43 981
44 59
44 75
44 82
44 97
45 56
45 63
45 95
45 100
45 109
45 110
45 114
45 115
46 61
46 63
46 65
46 83
46 84
46 92
46 103
46 117
46 205
47 50
47 73
47 78
47 82
47 90
47 99
47 107
47 113
47 118
48 51
48 57
48 109
49 62
49 79
49 104
49 109
50 52
50 60
50 69
50 122
50 125
50 812
51 52
51 65
51 66
51 76
51 80
51 89
51 112
51 123
52 77
52 81
52 116
53 54
53 65
53 77
53 80
53 84
53 92
53 104
53 105
54 55
54 67
54 88
54 89
54 109
54 119
55 71
55 94
55 101
55 108
55 114
56 77
56 79
56 109
57 61
57 78
57 81
57 92
57 110
57 815
57 833
58 70
58 80
58 110
58 252
58 434
59 94
59 95
59 121
59 529
60 68
60 97
60 101
60 114
60 822
60 839
61 67
61 84
61 93
61 96
61 98
61 99
61 113
62 69
62 70
62 72
62 80
62 88
62 93
62 555
63 122
63 123
63 347
63 749
64 68
64 70
64 73
64 92
64 93
64 98
64 115
64 296
64 882
64 933
65 76
65 85
65 86
65 117
65 122
65 320
65 748
66 308
66 311
67 76
67 86
67 93
67 120
67 193
67 745
68 104
68 111
68 113
68 122
69 72
69 84
69 102
69 104
69 116
69 119
69 545
69 638
70 79
70 103
70 412
70 446
71 77
71 90
71 116
71 117
71 123
71 802
72 77
72 81
72 93
72 590
72 999
73 74
73 78
73 82
73 90
73 94
73 194
73 732
73 979
74 81
74 97
74 110
74 115
75 116
75 125
76 99
76 111
76 123
77 90
77 95
78 81
78 83
78 85
78 87
78 95
78 116
78 400
78 819
79 92
79 94
79 107
79 994
80 116
81 108
81 109
81 313
81 572
81 935
82 84
82 114
82 118
83 246
84 108
84 735
85 113
85 121
85 175
85 592
86 89
86 91
86 101
86 104
86 107
86 112
86 113
86 474
86 510
86 938
87 108
88 434
89 96
89 102
89 110
89 117
89 146
90 97
90 109
90 216
90 823
91 92
91 111
91 118
91 305
92 105
92 125
92 149
92 268
92 637
93 101
93 102
93 107
93 112
93 124
93 326
93 573
93 680
94 107
94 862
95 106
95 656
96 112
96 118
96 121
96 122
96 361
96 642
96 897
97 99
97 116
97 120
98 519
99 103
99 251
100 103
100 106
101 112
101 735
101 901
102 516
104 108
104 114
104 231
104 301
104 764
104 823
105 110
105 114
107 115
107 292
108 121
109 679
110 317
112 123
113 123
114 256
114 661
114 856
115 124
115 158
115 717
116 281
117 121
117 196
118 283
118 611
120 123
120 609
121 124
122 670
123 126
124 125
124 442
125 222
126 128
126 135
126 176
126 188
126 199
126 200
126 208
126 221
126 225
126 226
126 227
126 247
126 383
127 133
127 136
127 165
127 176
127 186
127 202
127 248
127 389
128 145
128 166
128 185
128 190
128 210
128 211
128 237
128 246
129 139
129 154
129 183
129 185
129 197
129 202
129 219
129 234
129 241
129 250
129 268
129 562
129 936
130 142
130 147
130 154
130 159
130 170
130 179
130 195
130 206
130 223
130 233
130 246
130 732
130 794
131 133
131 136
131 174
131 183
131 196
131 205
131 226
131 234
131 245
131 385
132 139
132 148
132 160
132 167
132 175
132 180
132 201
132 227
132 231
132 243
132 245
132 628
132 778
133 141
133 147
133 168
133 183
133 196
133 202
133 212
133 220
134 181
134 182
134 197
134 205
134 249
134 803
135 143
135 154
135 157
135 160
135 161
135 165
135 195
135 218
135 246
136 139
136 151
136 164
136 167
136 202
136 213
136 231
137 141
137 152
137 154
137 166
137 170
137 185
137 190
137 191
137 205
137 217
137 218
137 997
138 152
138 158
138 160
138 163
138 172
138 174
138 180
138 224
138 236
138 238
138 239
138 249
138 965
139 143
139 174
139 183
139 197
139 203
139 221
139 222
139 227
139 231
139 241
139 243
140 141
140 181
140 188
140 200
140 208
140 218
140 226
140 228
140 243
140 695
141 148
141 176
141 177
141 193
141 209
141 224
141 228
141 237
142 157
142 160
142 161
142 165
142 171
142 179
142 196
142 213
142 217
142 240
142 951
143 149
143 166
143 180
143 193
143 217
144 146
144 161
144 172
144 185
144 201
144 204
144 213
144 215
144 228
144 245
144 367
145 156
145 192
145 196
145 197
145 210
145 234
145 238
146 156
146 183
146 190
146 191
146 216
146 233
146 248
146 306
147 173
147 174
147 200
147 207
147 309
148 149
148 152
148 162
148 170
148 173
148 182
148 200
148 227
148 237
148 240
148 253
149 160
149 170
149 171
149 175
149 209
149 227
149 228
150 169
150 195
150 206
150 221
150 222
150 245
150 656
151 155
151 165
151 170
151 194
151 197
151 201
151 204
151 239
152 162
152 190
152 196
152 202
152 209
152 237
152 240
152 242
153 158
153 169
153 182
153 183
153 192
153 234
153 236
153 248
153 280
154 155
154 158
154 164
154 173
154 180
154 183
154 203
154 206
154 208
154 221
154 249
154 344
154 743
155 182
155 183
155 185
155 200
155 203
155 436
155 549
155 744
155 984
156 198
156 207
156 225
156 242
156 245
156 454
157 168
157 187
157 198
157 199
157 212
157 214
157 224
157 229
157 232
157 242
157 292
158 169
158 192
158 213
158 502
159 161
159 201
159 221
159 236
159 244
159 518
159 610
160 167
160 168
160 169
160 207
160 208
160 209
160 220
160 228
160 231
160 247
161 174
161 188
161 189
161 191
161 207
161 260
161 449
161 678
161 845
162 168
162 194
162 209
162 213
162 218
162 222
162 232
162 561
162 709
162 762
163 191
163 197
163 211
163 232
163 238
163 444
163 786
164 172
164 174
164 186
164 197
164 219
164 247
165 191
165 193
165 234
165 723
166 170
166 172
166 173
166 221
166 248
166 703
167 170
167 193
167 216
167 233
167 250
167 325
168 192
168 204
168 220
168 227
168 242
168 484
169 176
169 182
169 212
169 213
169 217
169 221
169 244
169 246
170 172
170 195
170 196
170 246
170 487
170 609
171 173
171 175
171 181
171 186
171 194
171 216
171 244
172 173
172 191
172 195
172 241
172 683
173 223
173 245
174 175
174 176
174 217
174 247
175 176
175 180
175 206
175 225
175 228
175 231
175 246
175 250
175 403
175 649
176 178
176 179
176 181
176 200
176 208
176 212
176 224
176 231
176 241
176 281
176 303
177 180
177 194
177 196
177 197
177 199
177 200
177 204
177 232
178 191
178 197
178 219
178 226
178 227
178 237
178 417
178 760
179 180
179 184
179 192
179 206
179 207
179 235
179 247
179 795
180 206
180 218
180 249
180 884
180 923
181 197
181 205
181 214
181 224
181 230
181 249
181 478
182 194
182 196
182 220
182 230
182 238
182 244
182 698
183 186
183 238
183 242
183 245
184 187
184 189
184 211
184 213
184 220
184 462
184 846
185 199
185 209
185 238
185 240
185 433
186 190
186 195
186 214
186 225
186 249
187 227
187 411
187 837
188 216
188 221
188 229
188 242
188 625
189 197
189 212
189 215
189 239
189 389
190 192
190 210
190 212
191 221
191 227
191 231
191 238
191 412
192 196
192 228
193 196
193 204
193 208
193 214
193 238
193 662
193 694
194 215
194 230
194 232
194 236
194 934
195 202
195 210
195 227
195 235
195 247
196 201
196 205
196 211
196 222
196 225
196 246
196 424
197 213
197 235
197 236
198 205
198 207
198 208
198 212
198 223
198 234
198 247
198 249
199 203
199 208
199 227
199 245
199 404
199 723
200 206
200 207
200 215
200 230
200 246
200 248
200 466
200 512
200 831
201 220
201 223
201 224
201 228
201 232
201 234
201 500
201 775
202 217
202 220
202 221
202 229
202 248
202 250
202 492
203 242
203 272
204 210
204 212
204 237
205 213
205 233
205 237
205 499
206 238
206 241
207 229
207 230
207 233
207 234
207 508
208 228
208 235
208 249
208 651
209 212
209 214
209 245
209 325
210 228
210 235
210 249
210 559
211 221
211 231
211 576
211 867
211 989
212 236
212 244
213 219
213 950
214 224
214 230
214 240
214 241
214 242
214 395
214 851
215 234
216 250
216 861
217 458
218 220
218 245
218 832
219 222
219 223
219 245
219 249
220 226
220 240
220 241
220 246
220 249
220 430
221 248
221 544
221 925
222 236
222 242
222 245
222 775
223 573
224 246
225 242
225 246
226 245
227 229
227 237
228 240
228 243
228 249
228 467
229 239
229 242
230 247
230 306
231 241
231 630
232 239
232 247
232 318
232 602
232 857
233 234
233 238
233 982
234 246
234 836
234 928
235 242
235 742
235 930
236 240
237 238
237 242
237 766
238 242
238 667
239 250
239 386
239 627
240 432
240 644
240 676
241 266
241 938
242 377
243 364
243 907
243 965
244 507
244 999
246 741
246 932
246 961
248 274
248 707
249 573
250 478
251 252
251 269
251 287
251 291
251 311
251 313
251 320
251 343
251 357
251 768
251 793
252 256
252 259
252 260
252 265
252 278
252 314
252 319
252 345
252 348
252 356
252 368
252 369
253 290
253 296
253 322
253 326
253 351
253 354
253 364
253 368
253 765
253 775
254 256
254 270
254 282
254 286
254 289
254 292
254 314
254 320
254 365
254 873
255 270
255 311
255 323
255 327
255 333
255 342
255 358
255 373
255 374
255 596
256 271
256 283
256 284
256 291
256 298
256 301
256 312
256 313
256 324
256 333
256 337
256 351
256 361
256 364
256 621
257 259
257 261
257 263
257 278
257 288
257 298
257 325
257 327
257 335
257 351
257 356
257 367
257 371
257 732
258 293
258 306
258 348
258 370
258 424
258 925
259 262
259 268
259 269
259 309
259 313
259 319
259 361
259 362
260 286
260 294
260 313
260 316
260 321
260 327
260 333
260 352
260 363
260 420
260 764
260 961
261 264
261 271
261 298
261 314
261 321
261 333
261 357
261 366
262 265
262 269
262 295
262 312
262 329
262 332
263 265
263 269
263 277
263 280
263 281
263 282
263 287
263 291
263 300
263 319
263 325
263 331
263 345
263 355
263 508
264 265
264 277
264 279
264 291
264 299
264 304
264 310
264 318
264 322
264 358
264 371
264 627
265 278
265 282
265 284
265 305
265 309
265 334
265 338
265 342
265 406
265 735
265 973
266 294
266 300
266 317
266 325
266 347
266 359
266 365
266 935
267 270
267 279
267 303
267 313
267 330
267 338
267 369
267 371
268 296
268 299
268 337
268 362
268 367
268 370
268 400
268 707
269 290
269 294
269 299
269 320
269 324
269 325
269 339
269 344
269 356
270 291
270 301
270 315
270 326
270 331
270 354
270 360
270 374
271 276
271 280
271 287
271 301
271 302
271 309
271 315
271 318
271 321
271 347
272 275
272 313
272 328
272 330
272 358
272 365
272 369
272 735
272 786
272 969
273 276
273 280
273 286
273 293
273 341
273 365
273 370
273 371
273 374
273 600
273 758
273 783
274 275
274 289
274 335
274 337
274 340
274 365
274 375
274 726
275 292
275 311
275 322
275 333
275 355
275 357
275 369
275 370
275 374
275 425
276 278
276 291
276 294
276 305
276 310
276 339
276 351
276 371
277 282
277 291
277 825
277 943
278 279
278 280
278 285
278 290
278 294
278 298
278 312
278 316
278 330
278 357
278 364
279 295
279 332
279 351
279 355
279 356
280 281
280 284
280 295
280 297
280 329
280 333
280 353
280 373
280 699
280 875
281 292
281 329
281 615
282 303
282 324
282 329
282 374
282 830
283 326
283 329
283 336
283 351
283 354
283 624
283 833
284 306
284 315
284 351
284 368
285 319
285 333
285 370
285 417
286 301
286 306
286 310
286 330
286 339
286 343
286 348
287 324
287 328
287 330
287 335
287 339
287 343
287 347
287 370
287 386
287 463
288 295
288 311
288 328
288 335
288 344
288 356
288 359
288 375
288 510
289 298
289 299
289 309
289 322
289 335
289 348
289 360
289 370
289 496
289 861
290 291
290 319
290 331
290 341
290 360
290 366
290 370
290 374
290 375
291 299
291 307
291 316
291 317
291 334
291 339
291 348
291 374
291 461
291 764
292 302
292 307
292 310
292 311
292 321
293 294
293 310
293 319
293 332
293 335
293 337
293 344
293 349
293 359
293 371
293 662
293 799
293 818
294 317
294 318
294 369
294 750
295 319
295 366
295 370
295 373
296 306
296 308
296 314
296 336
296 356
296 365
296 368
297 300
297 301
297 302
297 309
297 321
297 324
297 337
297 340
297 359
297 369
297 371
298 300
298 302
298 309
298 312
298 329
298 343
298 353
298 669
298 953
299 305
299 336
299 348
299 352
299 357
299 407
300 305
300 330
300 336
300 337
300 341
300 345
300 358
301 309
301 358
301 442
301 960
302 324
302 353
302 360
302 375
303 312
303 326
303 330
303 349
303 371
303 731
304 311
304 318
304 319
304 368
304 369
305 314
305 327
305 329
305 343
305 352
305 355
305 362
305 376
305 581
306 314
306 331
306 353
306 357
306 358
306 366
306 407
306 578
307 331
307 337
307 338
307 361
307 373
307 534
308 322
308 359
308 367
308 979
309 323
309 332
309 348
309 360
309 417
309 564
310 318
310 332
310 351
310 368
310 754
311 316
311 331
311 343
311 359
311 981
312 329
312 338
312 348
313 314
313 316
313 319
313 334
313 339
313 349
313 357
313 370
313 373
313 629
313 965
314 326
314 332
314 373
314 667
315 327
315 332
315 334
315 347
315 353
315 366
315 370
315 373
315 489
315 980
316 331
316 343
316 344
316 350
316 351
316 362
316 371
317 327
317 330
317 364
317 374
317 468
317 575
318 329
318 337
318 346
318 374
318 416
318 734
319 324
319 742
319 808
320 321
320 344
320 361
320 823
320 873
321 332
321 337
321 353
321 357
321 360
321 361
321 366
321 448
321 506
322 323
322 325
322 335
322 340
322 344
322 351
322 355
323 330
323 354
323 358
323 367
323 369
324 336
324 353
324 367
324 375
324 705
325 340
325 350
325 363
326 344
326 348
326 364
326 366
327 333
327 346
327 350
327 363
327 369
327 372
327 539
328 336
328 362
328 364
329 331
329 340
329 343
329 351
329 370
329 372
329 793
330 334
330 336
330 463
330 652
331 352
331 354
331 368
331 370
331 479
332 333
332 363
332 370
333 337
333 350
333 354
333 356
333 372
333 373
334 365
334 370
335 337
335 338
335 341
335 373
336 340
336 350
336 359
336 365
336 368
336 371
337 366
337 370
338 349
338 362
338 373
339 363
340 582
341 352
341 360
342 345
342 362
342 688
343 360
344 767
344 843
344 903
345 350
345 363
345 366
346 347
346 349
346 350
346 357
346 363
346 368
346 369
346 671
347 411
347 682
347 715
348 352
348 361
348 375
348 644
350 373
350 644
350 658
351 352
351 363
351 367
351 723
352 814
353 361
353 362
353 723
353 932
354 358
354 370
354 708
355 364
355 375
355 701
357 360
357 364
357 369
358 374
358 450
359 364
359 369
359 372
359 405
359 439
359 641
360 364
360 611
362 364
362 368
362 371
364 373
364 754
365 373
365 720
367 383
368 622
368 730
369 371
369 546
370 373
374 589
375 564
376 378
376 400
376 415
376 419
376 429
376 436
376 459
376 469
376 470
376 490
376 497
376 971
377 430
377 446
377 458
377 494
377 823
378 393
378 397
378 404
378 417
378 419
378 429
378 431
378 432
378 459
378 494
378 496
378 683
379 398
379 418
379 434
379 448
379 455
379 488
379 496
380 404
380 410
380 416
380 418
380 428
380 444
380 450
380 452
380 457
380 464
380 465
380 482
380 492
380 680
381 393
381 397
381 399
381 413
381 416
381 419
381 440
381 456
381 485
381 683
381 797
381 850
382 386
382 398
382 428
382 432
382 437
382 490
382 707
382 715
383 393
383 413
383 424
383 444
383 445
383 465
383 484
383 787
384 407
384 439
384 444
384 451
384 454
384 471
384 481
385 451
385 453
385 457
385 470
385 484
385 487
385 537
386 396
386 404
386 417
386 487
386 489
387 392
387 403
387 407
387 432
387 457
387 458
387 469
387 480
387 485
387 492
388 403
388 425
388 448
388 471
388 479
389 414
389 418
389 430
389 455
390 394
390 413
390 421
390 441
390 449
390 465
390 470
390 816
391 402
391 437
391 438
391 450
391 472
391 484
391 485
391 495
391 497
391 500
391 595
392 408
392 413
392 427
392 443
392 447
392 476
392 832
393 411
393 423
393 424
393 447
393 466
393 479
393 488
393 489
393 498
393 511
394 403
394 413
394 436
394 441
394 452
394 463
394 467
394 471
395 419
395 429
395 461
395 462
395 476
395 479
395 492
395 499
396 417
396 421
396 433
396 470
396 486
396 491
396 492
396 528
397 405
397 427
397 433
397 445
397 455
397 481
397 483
397 518
398 401
398 405
398 457
398 482
399 425
399 428
399 433
399 468
399 471
399 484
399 493
400 424
400 426
400 467
400 476
400 493
400 693
401 453
401 459
401 468
401 476
402 408
402 416
402 417
402 446
402 447
402 468
402 487
402 499
403 410
403 431
403 435
403 443
403 461
403 487
403 742
404 408
404 409
404 410
404 411
404 425
404 443
404 449
404 499
405 407
405 411
405 426
405 435
405 452
405 454
405 470
405 495
405 561
406 410
406 439
406 442
406 465
406 474
406 477
406 498
406 500
407 416
407 419
407 420
407 439
407 489
407 595
408 411
408 427
408 431
408 469
408 470
408 475
408 846
409 413
409 454
409 459
409 460
409 482
409 575
410 434
410 448
410 481
410 495
410 544
410 757
411 416
411 418
411 421
411 429
411 435
411 438
411 454
411 468
411 480
411 487
411 499
411 500
411 633
412 417
412 423
412 435
412 474
413 416
413 422
413 423
413 427
413 428
413 461
413 465
413 476
413 480
413 493
414 418
414 447
414 491
414 497
415 454
415 464
415 466
415 482
415 496
416 418
416 451
416 454
416 458
416 460
416 479
416 596
416 598
417 428
417 443
417 446
417 480
417 487
417 494
417 497
417 929
418 428
418 431
418 434
418 459
418 461
418 483
418 485
419 423
419 426
419 437
419 445
419 454
419 462
419 467
419 475
419 491
419 973
420 436
420 440
420 470
420 484
420 492
420 891
421 433
421 449
421 459
421 463
421 469
421 486
421 650
422 426
422 458
422 475
422 488
423 446
423 459
423 464
423 467
423 570
423 665
424 431
424 466
424 467
424 471
424 474
425 456
425 457
425 490
426 458
426 459
426 475
426 540
427 463
427 472
427 479
427 491
428 432
428 483
428 484
428 487
428 488
428 591
429 438
429 453
429 462
429 470
429 471
429 477
429 487
429 498
429 620
430 436
430 453
430 459
430 460
430 462
430 464
430 495
430 498
430 500
430 661
431 434
431 450
431 458
431 464
431 997
432 451
432 464
432 471
432 473
433 438
433 443
433 450
433 496
433 852
434 463
434 479
434 483
434 499
434 551
434 556
434 838
435 455
436 442
436 461
436 467
436 482
437 439
437 445
437 451
437 717
438 459
438 475
438 488
439 455
440 481
440 483
440 490
441 467
441 473
441 492
441 496
442 462
442 480
442 482
442 492
442 500
442 990
443 460
443 470
443 494
444 459
444 486
444 488
444 858
444 890
445 454
445 464
445 468
445 499
445 500
446 459
446 472
446 786
447 479
448 458
448 934
449 485
449 500
450 461
450 474
450 492
450 725
450 962
451 463
451 471
451 483
451 493
451 495
452 463
452 470
453 495
453 496
453 585
454 472
454 474
454 666
455 456
455 479
455 489
455 493
456 484
456 488
456 496
457 500
457 728
458 463
458 484
458 494
458 873
460 480
460 484
460 778
461 463
461 468
461 477
461 479
461 484
462 478
463 471
463 820
464 472
464 484
465 490
465 491
465 499
465 940
466 475
466 491
466 496
467 486
468 470
468 475
468 476
468 495
468 937
469 490
469 491
470 481
470 484
470 489
471 476
471 481
471 489
471 951
472 482
472 494
473 485
474 488
474 493
475 483
475 485
475 499
476 478
476 488
477 481
477 485
477 496
477 500
478 493
480 490
480 492
480 493
480 729
480 884
480 995
481 837
483 498
483 777
483 833
483 995
485 490
486 491
486 737
488 490
489 526
489 996
490 948
492 511
492 544
493 498
495 497
495 945
497 735
497 909
499 696
499 857
501 504
501 528
501 542
501 551
501 567
501 575
501 576
501 578
501 594
501 782
502 516
502 519
502 527
502 545
502 551
502 564
502 577
502 585
502 604
502 612
503 555
503 560
503 581
503 585
503 594
503 624
503 625
503 984
504 523
504 549
504 558
504 568
504 574
504 576
504 577
504 579
504 586
504 607
505 537
505 542
505 550
505 556
505 585
505 591
505 602
505 611
505 612
505 613
505 618
505 858
506 517
506 530
506 537
506 556
506 575
506 579
506 607
506 695
507 545
507 549
507 559
507 582
507 590
507 595
507 618
507 623
507 815
508 525
508 528
508 588
508 591
508 609
509 517
509 520
509 539
509 546
509 574
509 575
509 604
509 620
510 511
510 514
510 531
510 537
510 543
510 578
510 579
510 583
510 602
510 607
510 617
511 516
511 522
511 548
511 564
511 570
511 581
511 591
511 625
512 535
512 554
512 568
512 570
512 581
512 586
512 594
512 603
512 619
513 527
513 555
513 569
513 576
514 520
514 529
514 554
514 555
514 574
514 577
514 594
514 620
514 932
515 525
515 526
515 547
515 566
515 572
515 580
515 583
515 609
516 520
516 528
516 531
516 567
516 569
516 580
516 581
516 589
516 597
516 602
517 522
517 528
517 540
517 567
517 577
517 579
517 605
517 623
518 524
518 527
518 541
518 551
518 573
518 586
518 603
518 607
518 620
518 621
519 523
519 538
519 542
519 550
519 556
519 596
519 606
520 526
520 527
520 530
520 541
520 554
520 555
520 561
520 576
520 586
520 595
520 599
520 621
520 774
521 547
521 548
521 553
521 574
521 593
521 595
521 597
521 618
521 620
522 526
522 531
522 579
522 583
522 590
522 591
522 593
522 610
522 616
522 617
522 664
523 541
523 552
523 553
523 606
523 612
523 621
523 707
523 821
524 563
524 609
524 860
525 529
525 531
525 545
525 582
525 584
525 590
525 601
525 606
525 609
525 618
525 625
526 609
527 537
527 540
527 543
527 550
527 555
527 568
527 575
527 582
527 593
527 602
527 606
527 853
527 957
527 967
528 535
528 537
528 555
528 566
528 576
528 600
528 619
528 782
529 530
529 533
529 542
529 546
529 559
529 564
529 566
529 570
529 571
529 590
529 597
529 603
529 604
529 609
529 612
529 820
530 532
530 587
530 591
531 545
531 557
531 593
531 610
532 536
532 552
532 606
532 624
533 545
533 550
533 558
533 563
533 566
533 571
533 587
533 590
533 592
534 547
534 574
534 608
534 614
534 616
534 624
534 677
535 536
535 541
535 568
535 587
535 595
535 599
535 601
535 614
535 624
535 632
535 792
535 865
535 881
536 545
536 561
536 587
536 600
536 606
536 621
537 547
537 579
537 584
537 598
537 600
537 859
538 546
538 561
538 578
538 590
538 600
538 610
538 616
538 623
538 677
539 540
539 593
539 596
539 598
539 616
539 865
540 543
540 561
540 568
540 601
540 608
540 620
541 546
541 553
541 583
541 601
542 568
542 592
542 616
542 617
543 593
543 595
543 605
543 614
543 624
543 835
544 545
544 550
544 562
544 565
544 571
544 583
544 584
544 607
544 614
544 624
545 548
545 552
545 573
545 580
545 608
546 547
546 559
546 578
546 598
546 603
547 567
547 582
547 586
547 621
548 551
548 553
548 559
548 564
548 604
548 605
548 615
548 617
548 621
549 578
549 594
549 595
549 615
549 621
549 623
550 566
550 568
550 586
550 612
550 868
551 557
551 562
551 597
551 611
552 574
552 585
552 590
552 602
552 605
552 620
552 624
553 562
553 569
553 600
554 560
554 596
554 597
554 620
555 564
555 570
555 592
555 608
555 617
555 763
556 557
556 558
556 586
556 588
556 618
556 619
556 839
557 583
557 584
557 586
557 622
557 624
557 625
558 586
558 604
558 611
558 616
558 623
559 574
559 588
559 596
559 608
560 611
560 615
560 860
561 570
561 579
561 580
561 586
562 565
562 571
562 590
562 620
562 622
562 684
563 569
563 575
563 588
563 590
563 592
564 565
564 566
564 576
564 580
564 599
564 615
565 585
565 591
565 599
565 600
565 605
565 606
565 616
565 621
565 869
565 881
566 582
566 587
566 589
566 590
566 595
566 596
566 603
566 604
566 605
566 623
566 624
567 582
567 584
567 590
567 596
567 600
567 995
568 587
568 595
568 599
568 625
569 581
569 584
569 596
569 597
569 605
570 583
570 591
570 604
570 610
570 613
570 707
571 589
571 592
571 594
571 595
571 624
571 776
572 573
572 599
572 605
572 654
572 857
573 583
573 602
573 614
574 575
574 585
574 595
574 619
575 579
575 600
575 602
575 606
575 648
575 850
575 903
576 582
577 594
577 609
577 613
577 733
578 583
578 587
578 610
578 618
578 767
579 596
579 602
579 620
579 623
580 589
580 605
580 610
581 584
581 589
581 618
581 621
581 623
582 603
582 623
582 866
583 615
583 939
584 615
585 589
585 591
585 612
585 614
585 640
585 820
586 587
586 588
586 591
586 596
586 607
586 615
586 618
586 791
586 843
587 593
587 602
587 620
587 827
588 604
588 609
588 619
588 909
589 593
589 597
589 610
590 593
590 604
590 620
590 884
592 617
592 620
593 602
593 614
594 619
594 621
594 727
594 808
594 865
595 608
595 619
596 598
597 619
598 602
598 618
598 622
598 869
599 602
599 857
600 609
600 619
601 614
602 621
603 606
603 608
603 614
603 617
604 728
605 873
606 854
606 945
607 621
608 910
610 616
610 803
611 615
611 622
611 624
611 773
611 882
613 616
614 619
614 858
616 806
617 623
617 624
617 957
618 621
618 703
619 972
620 621
620 762
620 779
621 623
621 752
626 627
626 628
626 637
626 638
626 642
626 668
626 698
626 704
626 711
626 724
626 728
626 735
626 743
627 651
627 688
627 711
627 739
628 638
628 646
628 664
628 688
628 737
628 797
628 949
629 641
629 653
629 658
629 661
629 665
629 670
629 698
629 699
629 701
629 703
629 741
630 643
630 644
630 647
630 650
630 675
630 693
630 694
630 695
630 738
630 745
630 999
631 640
631 694
631 708
631 729
631 734
631 735
632 646
632 661
632 663
632 679
632 682
632 685
632 698
632 704
633 639
633 649
633 670
633 707
633 709
633 750
634 638
634 656
634 717
634 722
634 732
634 738
634 742
635 647
635 661
635 672
635 676
635 695
635 734
635 850
636 638
636 639
636 640
636 652
636 656
636 679
636 696
636 708
636 714
636 735
636 737
636 741
636 748
636 913
637 722
637 731
637 749
637 788
638 666
638 676
638 679
638 684
638 707
638 720
638 725
639 646
639 665
639 680
639 718
639 725
639 726
639 729
639 840
640 648
640 677
640 704
640 707
641 676
641 691
641 727
641 729
641 748
641 806
642 643
642 645
642 646
642 663
642 675
642 679
642 732
642 745
643 659
643 692
643 711
643 712
643 737
643 745
644 649
644 650
644 653
644 688
644 693
644 725
644 743
645 652
645 662
645 663
645 669
645 696
645 697
645 708
645 712
645 998
646 651
646 680
646 691
646 704
646 723
646 725
646 726
646 731
647 660
647 666
647 709
647 710
647 727
648 662
648 682
648 714
648 730
648 750
649 652
649 699
649 708
649 720
649 721
649 722
649 724
649 731
649 749
650 669
650 692
650 700
650 701
650 709
650 714
650 721
650 728
650 731
651 655
651 660
651 661
651 665
651 668
651 700
651 735
651 807
652 661
652 663
652 731
652 732
653 655
653 663
653 666
653 672
653 678
653 681
653 698
653 723
653 735
654 669
654 696
654 702
654 704
654 713
654 731
654 739
654 817
655 669
655 697
655 702
655 707
655 710
655 728
655 733
655 735
656 677
656 678
656 705
656 714
656 728
656 750
657 669
657 671
657 691
657 705
657 737
657 745
658 671
658 689
658 691
658 724
658 730
658 736
658 745
659 695
659 706
659 718
659 727
659 742
660 665
660 668
660 680
660 684
660 694
660 705
660 738
661 677
661 681
661 682
661 692
661 730
662 723
662 735
663 670
663 689
663 716
663 717
663 728
663 734
664 677
664 729
664 741
664 749
664 848
665 678
665 683
665 717
665 740
665 741
666 682
666 693
666 705
666 710
666 719
666 747
667 673
667 702
667 705
667 709
667 715
667 742
668 703
668 713
669 684
669 694
669 711
669 714
669 715
669 717
669 743
670 674
670 697
670 710
670 715
671 685
671 698
671 710
671 711
671 728
671 738
671 740
671 743
671 760
672 694
672 703
672 715
672 723
672 748
673 738
673 748
674 676
674 690
674 700
674 745
674 746
675 707
675 716
675 726
675 727
675 749
675 811
676 682
676 684
676 692
676 741
676 747
677 706
677 724
677 732
677 740
677 964
678 687
678 688
678 691
678 700
678 704
678 747
679 720
679 724
679 732
680 698
680 721
680 734
680 749
680 750
681 682
681 687
681 688
681 694
681 726
681 739
681 749
682 719
682 722
682 748
683 708
683 719
683 720
683 748
683 965
684 696
684 707
684 736
684 737
684 738
684 744
685 699
685 705
685 707
685 713
685 715
685 737
686 712
686 724
686 726
686 727
686 731
687 706
687 724
687 729
687 736
687 741
687 742
688 696
688 706
688 731
688 750
689 695
689 702
689 710
689 750
690 695
690 708
690 709
690 711
690 719
690 721
690 722
690 725
690 727
690 734
690 739
690 742
691 704
691 717
691 735
692 705
692 744
692 749
693 697
693 699
693 713
693 720
693 725
693 726
693 728
693 734
693 744
694 704
694 724
694 732
694 738
695 698
695 700
695 703
695 726
695 737
695 738
695 748
696 717
696 792
697 703
697 719
697 731
697 746
698 707
698 721
698 722
698 723
698 741
699 700
699 717
699 734
699 736
699 921
700 709
700 717
700 737
701 733
701 746
702 704
702 723
702 726
702 728
702 731
702 736
702 745
702 888
703 713
703 721
703 731
703 750
704 709
704 723
704 734
704 736
704 816
705 708
705 709
705 717
705 727
705 746
706 721
706 731
706 737
707 723
708 713
708 719
708 748
708 808
709 711
709 718
709 720
709 736
710 735
711 718
711 747
712 718
712 722
712 733
712 740
712 741
712 743
713 724
713 728
713 733
713 741
714 740
715 721
715 726
715 733
715 740
715 749
716 721
717 720
717 721
717 738
717 746
717 748
718 720
718 842
719 731
719 738
720 725
720 733
721 731
721 741
721 742
721 749
722 744
723 727
724 729
725 730
725 930
726 734
726 740
726 858
727 750
729 746
730 731
731 735
734 744
734 748
736 743
736 747
736 748
736 900
738 748
738 935
741 744
742 819
742 823
743 744
743 746
743 750
751 776
751 777
751 778
751 779
751 790
751 803
751 807
751 811
751 820
751 837
751 841
751 868
751 913
752 814
752 819
752 830
752 833
752 872
753 757
753 763
753 766
753 768
753 783
753 790
753 795
753 809
753 854
753 859
753 863
753 873
753 875
754 768
754 773
754 775
754 781
754 783
754 791
754 801
754 821
754 845
755 822
755 823
755 844
755 849
755 873
755 958
756 772
756 780
756 803
756 815
756 847
756 859
757 758
757 760
757 763
757 770
757 775
757 796
757 813
757 871
758 768
758 770
758 775
758 785
758 790
758 792
758 820
758 845
758 850
758 860
758 864
758 869
759 772
759 774
759 778
759 780
759 781
759 793
759 800
759 802
759 842
759 870
760 787
760 815
760 826
760 838
760 839
760 857
760 865
760 868
761 776
761 781
761 789
761 794
761 803
761 836
761 868
762 793
762 795
762 801
762 805
762 814
762 823
762 852
762 861
763 772
763 775
763 793
763 800
763 802
763 854
764 766
764 770
764 782
764 791
764 798
764 803
764 808
764 831
764 864
764 888
765 812
765 842
765 874
766 770
766 774
766 810
766 832
766 836
766 850
766 861
766 874
767 776
767 810
767 811
767 813
767 855
767 865
767 870
768 825
768 835
768 844
768 846
768 872
769 781
769 782
769 793
769 833
769 837
769 844
769 865
770 801
770 803
770 818
770 829
770 831
770 848
770 855
770 857
770 860
770 868
770 874
771 791
771 806
771 843
771 847
771 850
771 851
771 854
771 868
772 779
772 840
772 842
772 848
772 903
773 776
773 802
773 835
773 840
773 848
773 855
774 783
774 784
774 806
774 807
774 808
774 819
774 836
774 849
774 856
774 862
774 868
775 790
775 796
775 808
775 872
776 790
776 829
776 845
776 853
776 869
776 873
776 969
777 794
777 808
777 809
777 830
777 870
778 788
778 795
778 800
778 813
778 821
778 831
778 866
779 793
779 801
779 827
779 841
779 844
779 847
779 855
780 788
780 797
780 834
780 839
780 848
780 864
781 787
781 805
781 826
781 845
781 854
782 814
782 829
782 836
783 787
783 797
783 808
783 817
783 846
783 864
784 816
784 859
784 863
785 787
785 797
785 838
785 848
785 860
786 792
786 796
786 847
786 854
786 962
786 984
787 794
787 798
787 808
788 798
788 830
788 836
788 846
788 852
788 874
788 954
789 804
789 805
789 817
789 854
789 859
789 865
790 801
790 803
790 809
790 812
791 798
791 838
791 840
792 797
792 814
792 827
792 846
792 870
793 844
793 849
793 853
793 862
793 868
794 805
794 834
795 798
795 812
795 813
795 815
795 830
795 832
795 834
795 845
795 865
795 867
795 875
796 821
796 842
796 843
796 850
796 870
796 927
797 831
797 835
797 848
797 851
798 800
798 831
798 847
798 851
798 862
799 800
799 809
799 828
799 832
799 849
799 856
799 861
799 868
799 916
800 810
800 814
800 838
800 859
800 866
800 870
800 873
801 802
801 817
801 825
801 844
801 863
802 809
802 814
802 819
802 825
802 838
802 839
802 852
802 855
802 872
803 812
803 816
803 828
803 833
803 839
803 858
803 874
803 884
804 810
804 871
805 813
805 828
805 867
805 870
806 815
806 825
806 841
806 875
807 845
807 873
808 809
808 810
808 842
808 850
809 812
809 822
809 854
809 856
809 863
809 871
810 832
810 845
810 873
810 875
811 817
811 821
811 839
811 844
811 855
811 860
811 867
811 933
812 828
812 833
812 834
812 846
812 888
813 817
813 856
814 846
814 852
814 862
815 826
815 839
815 846
815 849
815 868
816 863
816 872
816 873
816 874
816 966
817 821
817 833
817 843
817 847
818 845
818 915
819 861
819 863
820 823
820 824
820 834
820 866
820 935
821 834
821 838
821 846
821 864
821 868
822 841
822 849
822 860
823 867
824 831
824 843
824 844
824 851
824 866
825 842
825 844
825 858
825 871
826 858
826 862
826 872
826 873
826 874
827 837
827 838
827 841
827 849
827 850
827 856
828 847
828 861
828 866
828 907
828 954
828 982
829 843
829 854
829 860
830 863
830 973
831 852
831 934
832 839
832 857
832 859
832 864
833 845
833 849
833 871
834 839
835 864
836 842
836 849
836 856
837 857
837 870
839 849
839 855
840 867
840 868
841 867
842 858
842 860
843 850
843 851
843 863
843 871
844 870
844 871
845 867
847 856
849 985
850 853
851 861
851 865
852 854
852 856
852 864
852 869
853 859
853 862
853 864
853 875
854 874
854 875
855 864
856 892
857 859
857 867
857 870
857 873
858 875
859 865
862 868
864 872
865 867
865 986
866 872
869 900
870 872
876 885
876 894
876 932
876 982
877 905
877 925
877 926
877 956
877 965
877 968
878 901
878 920
878 922
878 925
878 949
878 951
878 954
878 957
878 969
878 981
878 984
879 920
879 924
879 936
879 938
879 942
879 970
880 894
880 907
880 916
880 924
880 942
880 956
880 958
880 963
880 968
880 977
880 995
880 997
881 896
881 903
881 922
881 939
881 941
881 943
881 966
881 1000
882 883
882 888
882 894
882 922
882 927
882 940
882 966
883 898
883 909
883 917
883 929
883 974
883 985
883 994
883 999
884 891
884 898
884 899
884 939
884 948
884 950
884 953
884 954
884 970
885 897
885 901
885 928
885 933
885 971
885 977
886 891
886 904
886 948
886 956
886 965
886 966
886 973
886 987
886 995
887 890
887 931
887 945
887 975
887 983
887 985
887 996
888 903
888 916
888 918
888 921
888 939
888 950
888 958
889 898
889 904
889 917
889 928
889 929
889 959
889 973
889 975
889 981
889 993
890 898
890 899
890 910
890 951
890 987
890 993
890 994
890 998
891 892
891 894
891 903
891 938
891 939
891 941
891 963
891 977
891 985
892 897
892 913
892 919
892 935
892 953
892 958
892 985
893 927
893 951
893 958
894 897
894 929
894 934
894 972
894 978
894 995
895 915
895 918
895 929
895 931
895 932
895 933
895 944
895 965
895 976
895 994
896 900
896 938
896 940
896 952
896 959
896 961
896 989
897 922
897 939
897 961
897 976
897 978
897 989
897 990
897 995
898 908
898 918
898 920
898 921
898 934
898 935
898 958
898 964
898 965
898 978
898 985
899 911
899 932
899 933
899 942
899 944
899 979
899 992
900 914
900 922
900 929
900 963
900 992
901 904
901 907
901 925
901 926
901 941
901 948
901 950
901 955
901 985
901 995
902 920
902 921
902 923
902 942
902 947
902 957
902 988
902 994
902 999
903 917
903 936
903 968
903 971
903 996
904 914
904 936
904 937
904 942
904 952
904 959
904 963
904 965
904 968
904 988
904 989
904 996
904 997
905 930
905 954
905 971
905 979
905 993
906 933
906 942
906 963
906 970
906 986
906 989
907 921
907 942
907 974
907 992
908 927
908 940
908 962
908 967
908 987
909 919
909 923
909 928
909 942
909 953
909 956
909 980
909 985
909 990
910 914
910 937
910 962
910 968
911 931
911 933
911 937
911 949
911 952
911 960
911 966
911 992
912 926
912 934
912 938
912 955
912 968
912 986
912 990
912 995
912 997
912 998
912 999
913 929
913 932
913 951
913 963
913 970
913 991
913 994
914 920
914 926
914 979
914 989
914 998
915 918
915 939
915 943
915 951
915 957
915 964
916 928
916 960
916 968
916 970
916 992
916 1000
917 930
917 937
917 940
917 943
917 945
917 948
917 978
917 984
917 985
917 989
918 930
918 934
918 960
918 967
918 971
918 980
918 993
919 921
919 928
919 936
919 945
919 968
919 971
919 975
919 981
919 983
920 930
920 942
920 946
920 960
920 970
920 975
921 930
921 937
921 948
921 971
921 985
922 946
922 961
922 980
922 991
923 939
923 940
923 981
924 930
924 938
924 947
924 948
924 956
924 992
924 999
925 926
925 928
925 930
925 938
925 972
927 986
927 990
928 975
928 986
928 993
929 935
929 937
929 947
929 984
930 941
930 974
930 984
931 936
931 959
931 964
931 967
931 978
931 990
932 938
932 942
932 988
932 992
933 974
933 981
933 985
934 935
934 940
934 978
935 950
935 970
935 979
935 985
935 995
936 959
936 964
936 978
936 984
936 990
936 997
937 954
938 939
938 964
938 971
938 974
938 999
939 949
939 971
939 975
940 956
940 963
940 969
940 974
940 979
940 986
940 998
941 960
941 962
941 963
941 994
941 999
942 953
942 960
942 961
942 992
943 976
943 984
943 985
943 994
944 947
944 972
944 975
945 946
945 953
945 958
945 967
946 987
946 992
946 999
947 963
948 977
948 981
948 985
948 988
948 989
948 990
948 994
949 959
949 961
949 968
949 981
949 982
949 983
949 985
949 994
950 952
950 962
950 969
950 997
951 965
951 968
951 973
951 976
951 982
952 958
952 966
952 973
952 990
953 961
953 977
953 987
953 988
953 991
954 964
955 975
955 983
956 976
956 981
956 985
957 964
957 965
958 992
958 997
959 981
959 985
959 999
960 972
960 981
961 965
961 979
961 997
963 965
963 979
963 1000
964 978
964 981
964 991
965 980
965 989
966 975
966 978
967 984
967 996
968 975
969 977
969 984
969 989
970 982
970 1000
972 981
974 979
974 997
975 991
976 992
978 985
979 982
979 983
979 984
979 989
980 984
980 987
982 985
983 994
984 1000
986 990
986 998
987 989
987 991
987 993
989 999
989 1000
991 1000
992 993
993 994
993 1000
994 997
998 999
