1 36
2 15
2 33
2 72
2 471
2 508
3 53
3 90
3 91
3 100
3 120
3 699
4 14
4 32
4 71
4 218
4 826
5 42
5 338
6 39
6 99
6 678
7 34
7 107
8 10
8 22
8 41
8 125
9 27
9 67
9 69
9 109
9 491
9 534
9 570
10 12
10 107
10 547
11 18
11 51
11 122
12 59
12 61
12 68
12 83
12 575
13 39
13 63
14 65
14 86
14 101
15 43
15 60
15 75
15 79
15 86
15 227
16 29
16 33
16 40
16 71
16 88
17 78
17 81
17 295
18 30
18 278
18 341
19 20
19 21
19 67
19 84
19 86
19 105
19 839
20 83
20 115
20 366
21 41
21 79
21 87
22 29
22 37
22 65
22 109
23 61
23 76
23 95
23 104
24 37
25 66
25 82
25 101
25 125
25 312
26 47
26 84
26 93
26 319
26 394
26 612
26 711
27 54
27 56
27 346
28 43
28 103
28 938
29 82
29 124
29 938
30 53
30 56
30 717
31 42
31 96
32 470
32 578
32 829
33 36
33 64
33 91
33 125
34 48
34 49
34 81
34 113
34 122
34 337
35 39
35 60
35 70
35 314
35 394
35 533
36 70
36 124
36 965
37 75
37 795
38 48
38 50
38 63
38 66
38 149
38 483
38 705
39 53
39 99
39 118
39 122
39 888
40 105
40 474
41 43
41 79
41 96
41 843
42 59
42 60
42 63
42 79
42 116
42 936
43 48
43 64
43 119
43 745
43 828
43 884
44 47
44 54
44 58
44 111
44 222
46 76
46 114
46 118
46 858
47 54
47 68
47 84
47 93
47 505
48 112
48 119
48 994
49 94
49 125
49 366
49 973
50 109
50 851
51 999
52 97
52 100
52 101
52 112
52 768
52 993
53 62
53 96
53 146
53 396
54 98
54 124
54 198
54 905
55 64
55 92
55 416
55 628
55 799
56 112
56 392
57 598
57 847
58 83
58 103
58 105
58 164
58 219
58 762
59 93
59 101
59 109
59 160
59 589
59 911
60 592
61 79
61 100
62 80
62 94
62 120
63 112
63 218
63 424
63 687
64 71
64 86
65 92
65 107
65 950
66 96
66 108
67 726
68 83
68 124
68 407
69 98
69 100
70 96
71 120
71 446
71 649
72 98
72 108
72 771
73 271
73 379
73 409
73 653
73 867
73 941
75 110
75 252
75 563
76 502
77 96
78 88
78 453
79 90
80 88
80 110
81 341
83 94
83 870
84 116
84 123
84 237
84 444
85 114
85 381
85 410
86 91
86 93
86 105
86 111
86 584
87 101
88 111
89 96
90 125
90 226
91 92
92 724
93 97
93 690
93 734
93 850
93 961
93 982
94 883
96 172
96 310
97 116
97 421
98 167
98 321
98 349
99 113
99 121
99 142
99 690
99 752
99 806
102 504
102 692
103 240
104 109
104 117
104 625
105 383
105 861
107 124
107 203
107 295
107 775
107 890
108 111
108 328
108 832
108 995
109 643
111 119
114 122
114 168
114 189
114 621
115 499
115 895
116 123
116 647
119 122
119 346
119 716
121 838
122 684
124 576
124 689
125 269
126 139
126 172
126 193
126 233
126 867
127 286
127 352
128 172
128 188
128 194
128 232
128 711
128 866
129 168
129 187
129 214
129 247
130 137
130 173
130 227
130 243
130 715
131 246
132 173
132 175
132 221
132 226
132 238
132 755
132 959
133 139
133 198
133 214
133 244
133 310
133 645
134 138
134 149
134 151
134 165
134 230
134 233
134 528
135 163
135 191
135 219
135 482
135 602
136 166
136 173
136 222
136 231
137 150
137 462
137 841
138 185
138 198
138 235
138 277
138 284
138 921
139 140
139 143
139 183
139 192
139 230
139 235
139 242
139 273
139 904
140 155
140 168
140 203
140 204
140 228
140 238
140 803
141 146
141 159
141 160
141 162
141 222
141 236
141 990
142 147
142 174
142 238
142 796
142 889
143 184
143 198
143 205
143 244
143 246
144 224
144 822
145 157
145 173
145 178
145 243
145 248
145 658
146 159
146 173
146 185
146 215
146 228
147 169
147 235
147 246
147 314
148 178
148 203
148 233
148 291
148 460
148 523
148 931
149 222
150 186
150 227
150 701
150 766
150 856
151 203
151 220
151 222
151 236
151 237
151 242
151 245
152 153
152 171
152 185
152 210
152 386
152 498
152 639
153 156
153 164
154 373
155 183
155 665
156 208
156 241
156 247
156 693
157 178
157 208
157 691
158 170
158 178
158 184
159 247
159 799
160 163
160 250
160 285
161 203
161 211
162 172
163 165
163 178
163 218
163 223
163 234
163 240
164 187
164 221
165 177
165 967
166 202
166 228
166 993
167 191
167 194
167 204
167 228
167 249
167 465
168 176
168 224
168 226
168 859
169 201
169 525
169 856
170 195
170 230
170 241
170 882
172 783
173 215
173 242
173 422
174 193
174 848
174 948
175 197
175 242
175 245
176 191
176 221
176 225
176 230
176 250
176 539
176 597
176 701
177 187
177 198
177 885
178 223
178 235
178 718
179 211
179 227
179 898
180 204
180 250
180 832
180 941
181 194
181 236
181 245
181 631
182 186
182 205
182 214
182 426
182 450
184 202
184 212
184 220
184 241
184 833
185 229
185 245
185 688
185 885
186 198
186 214
186 232
186 244
186 435
186 513
186 928
187 189
187 201
188 598
189 221
189 829
191 439
191 671
191 913
192 195
192 214
192 471
192 703
193 201
193 202
193 215
193 221
193 245
193 247
194 210
194 227
194 441
195 231
195 240
195 245
195 943
196 211
196 221
197 224
197 404
197 973
198 202
198 905
199 220
199 909
200 217
200 835
201 237
201 241
201 246
202 229
202 636
203 215
203 978
204 207
204 208
204 292
204 791
205 239
205 763
206 211
207 215
207 217
207 219
207 237
207 606
208 234
208 393
208 545
209 234
209 296
209 629
209 752
209 999
211 473
212 226
212 402
213 236
213 422
213 869
214 672
214 798
214 829
215 233
215 653
216 243
217 244
217 247
217 685
217 757
217 998
218 237
218 243
218 250
219 290
220 221
220 241
220 249
221 247
222 231
222 400
224 486
225 405
225 754
226 228
226 238
226 483
227 690
228 232
229 240
229 243
230 244
230 681
232 233
232 239
232 932
233 245
233 678
235 236
236 410
236 486
239 643
239 709
239 812
243 976
244 873
245 379
245 865
245 917
247 248
247 311
247 777
248 720
249 689
249 862
251 254
251 331
251 334
251 339
252 254
252 287
252 325
252 392
252 552
253 317
253 372
254 275
254 368
254 695
255 274
255 333
255 343
255 666
256 273
256 287
257 292
257 300
257 332
257 375
257 454
258 277
258 302
258 437
258 561
259 290
259 365
259 537
259 646
259 961
260 346
260 702
261 283
261 290
261 334
261 428
262 282
262 328
262 658
263 286
264 300
264 349
264 563
265 279
265 333
265 363
265 368
265 371
265 887
266 292
266 295
266 441
267 286
267 296
268 301
268 304
269 274
269 326
269 356
269 368
270 293
270 334
270 461
270 670
271 368
272 277
272 295
272 298
272 367
273 288
273 315
273 330
273 355
273 374
274 320
274 330
274 336
274 538
275 300
275 309
275 318
275 338
275 341
275 362
275 364
275 393
276 300
276 319
276 528
277 309
277 318
277 324
278 299
278 325
278 915
279 294
279 307
279 314
279 332
279 360
279 439
279 904
280 339
280 397
280 983
281 321
281 333
281 982
282 332
282 703
282 964
283 292
283 297
283 300
283 306
283 371
283 603
284 318
284 330
284 337
284 354
284 959
285 324
285 335
285 889
285 899
286 298
286 336
286 350
287 333
287 337
288 292
288 347
288 364
288 427
288 551
288 831
288 954
289 292
289 296
289 309
289 340
289 482
289 484
289 859
290 296
290 337
290 350
290 364
290 585
290 872
291 319
291 323
291 403
291 904
292 368
293 383
294 656
295 354
295 365
295 406
295 933
296 319
296 331
297 308
297 332
297 340
297 341
297 703
297 867
298 318
298 346
298 366
298 368
298 767
299 304
299 330
299 375
300 348
300 691
301 326
303 312
303 326
303 337
303 950
304 353
304 954
305 983
306 315
306 332
306 397
307 309
307 314
307 315
307 340
307 372
307 427
308 320
308 321
308 339
308 362
308 791
308 974
309 320
309 357
309 375
310 342
310 443
311 323
311 361
312 347
312 405
312 543
312 985
312 999
313 907
314 991
315 359
315 481
315 799
316 333
316 371
317 346
317 348
318 324
318 338
318 351
318 636
319 329
319 359
320 517
320 961
321 322
321 333
321 369
321 658
321 771
321 790
322 332
322 344
322 532
323 333
323 335
323 345
324 332
324 334
324 374
324 749
325 327
325 334
325 357
325 362
325 365
326 538
328 870
329 340
329 356
329 358
329 367
329 372
329 524
329 657
330 351
330 363
331 340
331 341
332 355
333 355
333 362
333 966
334 339
334 349
336 337
336 344
336 371
336 526
336 697
337 368
338 348
339 344
339 430
340 356
340 368
340 644
341 366
342 364
342 621
342 670
342 959
343 360
343 977
345 723
347 367
347 900
347 982
348 349
348 350
348 363
348 366
348 709
348 786
348 884
348 942
350 354
350 359
350 949
351 643
352 412
352 534
352 775
353 362
353 368
353 538
354 372
354 855
355 472
355 630
356 358
356 359
356 370
357 361
358 369
358 373
358 710
360 890
362 636
363 975
365 368
366 842
367 372
368 617
371 499
374 913
375 504
375 738
376 380
376 433
377 389
377 394
377 433
377 465
377 468
377 476
377 492
377 538
378 419
378 422
378 480
378 485
378 640
379 389
379 409
379 411
380 411
380 421
380 428
380 618
381 382
381 476
381 975
382 414
382 416
382 449
383 445
383 460
384 386
384 447
384 496
384 500
384 755
384 920
385 394
385 466
386 409
386 422
386 475
386 560
387 416
387 417
388 408
388 416
388 450
388 459
388 462
388 799
389 397
389 401
389 451
389 793
390 411
390 543
391 392
391 423
391 447
391 474
392 399
392 441
392 442
392 794
393 405
393 406
393 416
393 436
393 448
393 492
393 881
394 405
394 414
394 446
394 457
394 494
394 858
395 399
395 423
395 472
395 968
396 422
396 431
396 458
396 473
396 852
397 428
397 432
397 499
397 984
398 405
398 488
398 626
398 906
399 444
400 429
400 474
400 500
400 607
401 446
401 467
401 991
402 411
402 483
402 752
402 901
403 415
403 460
403 466
403 479
403 493
404 407
404 419
404 479
404 801
405 449
405 773
405 872
405 971
405 977
406 448
406 449
406 464
406 474
407 420
407 423
407 424
407 456
407 477
407 481
407 771
407 848
408 411
408 474
408 659
409 416
409 474
409 478
409 864
410 460
410 487
411 412
411 414
411 423
411 430
411 436
411 441
411 449
411 674
412 429
412 454
412 479
412 485
412 488
412 889
413 427
413 460
413 466
413 732
414 433
414 517
415 487
415 497
416 429
416 431
416 444
416 446
416 487
417 446
417 448
417 458
417 488
418 430
418 441
418 447
418 471
418 479
418 483
418 498
419 423
419 432
419 437
419 443
419 457
419 475
420 455
420 464
420 486
420 492
421 428
421 486
422 455
422 696
423 483
424 481
425 432
425 442
426 437
426 458
427 446
427 484
428 469
428 495
429 494
429 500
430 458
431 435
431 461
431 487
432 465
432 499
433 852
434 442
435 437
435 448
435 466
435 468
435 629
436 441
436 445
436 495
436 794
436 873
437 453
437 461
437 545
437 568
438 448
438 638
438 967
439 829
440 910
440 919
441 479
442 464
442 482
442 753
443 476
443 499
444 498
444 814
445 449
445 460
445 465
446 488
446 492
448 482
448 690
449 475
449 557
449 661
450 465
450 467
450 487
451 480
453 463
453 875
454 470
456 536
458 468
458 473
458 492
459 469
459 482
459 500
460 498
461 472
461 499
462 483
462 928
463 466
463 468
463 487
464 490
464 710
464 783
464 940
465 470
465 814
466 467
466 474
466 484
466 757
466 784
466 897
467 468
467 482
467 486
467 494
469 804
471 474
471 921
472 806
472 837
474 476
474 478
474 500
475 484
475 745
475 935
477 478
477 567
477 873
478 490
478 563
480 485
480 488
480 500
482 492
484 487
484 499
485 497
485 892
486 623
486 876
486 923
487 573
489 915
490 498
490 635
490 688
490 743
490 942
491 496
491 508
495 621
497 577
499 623
501 557
501 576
501 622
502 516
502 520
502 550
502 593
502 611
502 618
502 634
503 505
503 514
503 526
503 538
503 564
503 586
503 593
503 949
504 598
505 506
505 562
505 575
505 577
506 514
506 532
506 538
506 584
506 604
506 609
506 612
506 817
507 518
507 655
508 522
508 550
508 555
508 560
509 554
509 567
509 589
509 595
510 516
510 518
510 536
510 555
510 557
511 574
511 585
511 595
512 524
512 676
512 762
512 967
513 554
513 575
513 590
513 624
513 839
514 581
514 584
514 625
514 642
515 555
515 579
515 598
516 563
517 528
517 550
517 568
517 583
517 592
517 604
517 625
517 821
518 537
518 540
518 551
518 563
519 538
519 553
519 563
519 756
520 539
520 559
520 595
520 604
520 610
521 524
521 547
521 573
521 574
521 589
522 527
522 552
522 592
523 541
523 619
523 621
524 554
524 573
525 552
525 574
526 530
526 553
526 617
528 576
528 593
528 598
528 605
528 609
528 914
529 544
529 563
529 574
529 609
529 622
530 532
530 552
530 570
530 601
530 620
532 571
532 590
532 616
532 617
532 625
532 802
533 542
533 564
534 586
534 603
534 608
534 614
535 576
535 600
535 601
536 554
536 573
536 592
536 613
537 545
537 561
538 555
538 607
538 982
539 551
539 585
539 603
539 607
540 578
540 579
540 587
540 601
541 576
541 588
541 609
542 607
542 616
543 600
543 723
543 892
544 586
544 605
544 616
545 607
545 615
546 548
546 579
546 593
547 567
548 556
548 578
548 596
548 599
548 624
548 906
549 599
549 606
550 565
550 566
550 871
551 576
551 582
551 617
551 630
551 715
552 560
552 570
552 605
552 624
552 831
553 564
553 579
553 592
553 609
554 583
554 591
554 592
554 616
554 624
555 560
555 561
555 572
555 581
556 589
556 608
556 610
556 826
557 573
557 612
558 990
559 619
560 612
562 577
562 603
563 569
563 572
563 575
563 598
563 619
563 658
564 565
564 570
564 580
564 615
564 624
565 571
565 578
565 603
565 616
566 569
566 575
566 581
566 592
566 611
566 638
568 824
568 922
569 606
570 571
570 575
570 872
571 591
571 615
571 625
573 582
573 621
573 970
574 587
574 592
574 602
575 581
575 978
576 577
577 596
578 598
578 604
578 618
578 861
579 611
579 654
579 676
581 598
581 625
581 690
582 616
582 816
582 821
583 831
584 606
584 607
584 616
585 603
585 611
586 912
587 787
587 807
588 589
588 602
588 620
589 893
591 598
591 625
592 616
592 617
592 622
593 646
594 601
595 608
595 686
595 849
596 598
596 615
596 782
597 853
598 708
599 917
601 614
602 616
602 618
603 609
604 615
604 821
605 617
607 639
608 827
608 940
608 979
613 615
614 882
615 616
615 622
618 619
619 623
619 635
620 621
620 671
620 922
623 811
624 636
624 680
626 630
626 632
626 677
626 704
626 739
626 982
627 629
627 743
627 890
627 921
628 687
628 746
629 648
629 657
629 659
629 682
630 643
630 660
630 682
630 698
630 739
631 705
631 715
631 731
631 740
631 747
632 684
632 688
632 716
633 640
633 675
633 690
633 732
634 666
634 734
634 833
635 639
635 660
635 696
636 671
636 724
636 772
637 638
637 642
637 663
637 674
637 706
637 709
637 725
638 652
638 665
638 721
638 728
638 729
639 682
639 700
639 730
640 717
640 735
640 975
641 672
641 683
641 704
641 829
641 913
642 646
642 666
642 726
642 740
642 745
643 651
643 688
643 707
643 728
643 962
644 653
644 696
644 735
645 703
645 717
645 733
646 665
646 699
646 973
647 671
647 703
647 709
647 750
647 947
648 662
648 675
648 694
648 700
648 726
649 668
649 685
649 700
649 734
649 999
650 652
650 676
650 682
651 741
651 744
652 654
653 734
653 820
654 707
654 744
654 770
655 739
656 670
656 674
656 695
656 720
656 730
656 742
656 748
656 874
657 702
657 749
658 660
658 673
658 721
658 723
659 742
659 870
660 702
660 706
660 743
661 683
661 703
661 715
661 724
662 709
662 732
663 670
664 694
664 708
664 742
665 701
665 704
666 681
666 704
666 712
666 743
667 703
667 749
668 690
669 679
669 683
669 696
669 701
669 764
670 697
670 729
670 746
671 736
671 958
672 673
672 675
672 703
672 789
672 830
673 696
673 698
673 715
673 988
674 678
674 695
674 696
674 727
675 676
675 687
676 705
676 710
676 716
676 719
676 734
677 685
677 718
677 725
678 690
678 720
678 739
678 742
678 746
678 892
679 689
680 718
680 739
680 952
682 697
682 715
682 721
682 926
683 692
683 722
683 724
683 739
684 702
684 704
684 719
684 735
685 709
685 713
685 853
685 969
686 721
687 714
687 749
687 938
689 697
689 740
690 729
690 868
691 929
692 822
692 915
695 702
695 731
696 725
696 742
697 702
697 715
698 706
698 813
698 930
699 718
699 741
699 792
700 706
700 715
700 729
701 707
702 703
702 742
703 724
704 710
704 726
704 737
704 739
704 743
705 708
707 712
707 719
707 730
707 738
708 729
708 731
708 743
708 902
709 743
710 721
710 724
710 764
710 912
712 801
713 739
713 1000
714 716
714 726
715 794
715 887
716 721
716 730
716 736
717 724
717 739
717 816
718 732
718 736
720 742
720 745
720 879
720 916
721 750
722 744
722 748
723 733
724 740
727 745
728 739
728 974
730 953
731 745
731 750
732 749
734 855
736 922
738 743
739 822
740 748
740 754
746 750
748 845
749 927
751 768
751 781
751 828
752 796
752 799
752 802
752 811
752 830
752 851
752 950
753 770
754 795
754 973
755 778
755 783
755 837
755 851
756 764
756 822
756 850
756 868
757 810
758 792
758 817
758 820
758 829
758 832
759 790
759 809
759 847
760 764
760 855
760 902
760 947
761 812
761 819
761 853
761 863
762 777
762 793
762 823
762 836
763 807
763 965
764 768
764 801
764 803
764 824
764 848
764 851
765 775
765 843
765 869
767 805
767 873
767 900
768 789
768 834
768 870
768 987
769 802
769 813
769 819
769 835
769 857
769 866
770 793
770 808
770 811
770 827
770 872
771 807
772 804
772 826
772 869
772 872
773 788
773 807
775 841
775 857
776 797
776 798
776 846
776 868
776 875
777 799
777 841
777 843
778 832
778 843
778 847
778 851
778 865
779 798
779 821
779 852
780 868
781 809
781 815
781 848
782 808
782 869
782 948
783 792
783 828
783 842
783 865
783 868
784 785
784 805
784 853
784 863
785 859
786 792
786 804
786 807
786 829
786 842
786 855
786 869
787 794
787 803
787 808
787 860
787 875
788 801
788 813
788 836
788 871
789 794
789 824
789 856
790 820
790 838
790 869
790 873
791 792
791 794
792 811
792 814
792 850
792 855
793 870
793 952
794 829
794 866
794 937
794 980
795 810
796 799
796 814
796 829
796 836
796 842
796 845
796 866
796 928
798 804
798 810
798 834
798 840
798 847
798 866
800 865
801 834
801 860
801 864
802 808
802 837
803 805
803 812
804 805
804 819
805 850
805 913
806 846
806 862
807 839
809 924
810 832
810 834
810 852
811 844
811 854
812 831
813 825
813 835
813 841
814 819
814 833
814 869
815 834
815 875
816 828
816 849
816 871
817 828
817 847
818 823
818 828
819 849
821 856
821 869
822 839
823 851
823 866
825 826
827 871
828 841
828 937
828 986
830 852
830 854
831 861
832 841
834 869
836 844
836 863
837 860
837 875
838 846
838 858
839 998
840 861
841 856
841 863
842 848
842 854
842 892
843 855
848 855
848 888
849 856
849 960
850 992
852 860
852 864
852 875
852 983
853 856
854 873
856 869
856 963
856 1000
857 871
859 864
865 937
865 966
868 1000
874 916
876 891
876 934
876 981
877 915
877 919
877 941
877 959
878 889
878 941
879 955
879 975
880 891
880 938
880 944
880 967
881 943
881 972
882 933
882 948
882 981
882 988
883 900
883 931
883 935
883 938
883 963
883 967
884 902
884 904
884 943
884 986
884 987
885 894
885 917
885 943
885 978
886 891
886 929
886 932
886 950
886 963
886 968
887 897
887 918
887 939
887 966
888 957
888 966
890 921
890 935
890 976
890 990
891 931
891 969
892 899
892 945
892 993
893 898
893 926
893 948
893 970
893 1000
894 916
894 926
895 912
895 961
896 906
896 932
896 950
896 963
897 935
897 944
898 902
898 970
899 911
899 922
899 955
900 985
900 996
901 909
901 933
901 957
902 921
902 990
903 924
903 974
903 986
903 993
904 943
904 976
905 965
905 970
906 911
906 983
907 932
908 922
908 971
909 915
909 930
909 941
909 951
909 987
910 916
910 956
910 970
911 916
912 943
912 956
913 919
913 928
913 934
913 937
913 996
914 947
914 952
915 920
915 934
915 951
915 957
915 978
916 922
916 965
916 995
916 996
917 924
917 979
917 986
917 993
917 1000
918 934
918 953
918 983
918 988
918 996
919 941
919 966
919 975
921 943
921 968
921 993
921 996
923 926
923 958
923 998
924 943
924 963
924 990
925 935
925 990
926 949
926 974
927 957
927 971
928 957
928 981
929 936
929 982
930 970
930 976
930 993
931 934
931 935
931 945
931 986
932 957
932 979
933 954
933 957
933 992
935 990
935 991
936 968
936 995
936 996
936 1000
938 940
938 944
938 963
938 981
939 947
939 970
940 941
940 957
941 968
941 984
941 989
941 997
942 999
943 944
943 982
943 989
944 964
944 1000
945 963
945 967
945 989
947 973
947 1000
948 959
950 951
950 999
951 961
952 967
953 963
954 992
954 994
955 981
956 993
959 989
959 996
960 968
960 985
960 993
961 988
962 975
963 974
964 987
965 995
966 988
967 975
968 972
968 984
970 977
970 994
971 999
972 982
972 1000
974 992
975 998
976 978
977 994
981 994
984 994
986 994
987 989
990 995
993 995
993 999
