1 34
1 50
1 89
1 103
1 319
1 751
2 19
2 29
2 38
2 73
2 94
2 344
2 378
2 487
2 779
3 19
3 27
4 45
4 46
4 101
4 107
4 122
5 24
5 55
5 116
5 372
6 31
6 61
6 114
6 275
7 98
7 123
7 779
8 9
8 13
8 16
8 28
8 40
8 80
8 486
9 11
9 39
9 54
9 80
9 116
9 121
9 811
10 28
10 91
10 112
10 227
10 457
10 647
10 671
10 965
11 38
11 54
11 79
11 80
11 84
11 88
11 125
11 168
11 746
12 22
12 56
12 80
12 87
12 88
12 100
13 46
13 83
13 98
13 105
13 807
14 33
14 48
14 49
14 264
15 22
15 42
15 69
15 83
15 86
15 661
15 731
16 17
16 71
16 436
16 528
17 36
17 39
17 56
17 61
17 89
17 113
17 115
17 564
18 44
18 66
18 107
18 160
18 465
19 36
19 46
19 104
19 270
19 291
20 73
20 103
20 113
20 546
21 35
21 37
21 118
21 120
22 74
22 86
22 509
23 24
23 56
23 538
24 65
24 106
24 112
24 550
25 69
25 86
25 104
25 110
26 48
26 49
26 109
27 50
27 57
27 984
28 36
28 47
28 78
28 104
28 109
29 51
29 102
29 121
29 647
29 666
30 88
31 72
31 84
31 120
31 132
32 38
32 46
33 79
33 91
33 93
33 111
34 73
34 102
35 63
35 110
35 940
36 38
36 41
36 42
36 100
36 662
36 803
37 51
37 87
37 140
38 69
38 72
38 271
39 41
39 97
39 106
40 43
40 45
40 72
40 804
41 76
41 93
41 951
42 105
42 109
42 593
43 54
43 62
44 60
44 62
44 73
44 90
44 98
44 212
44 715
45 52
45 89
45 93
45 111
45 616
46 66
46 103
46 116
46 120
46 458
46 756
47 62
47 101
47 122
47 416
48 90
48 97
48 105
48 113
48 362
48 607
48 937
49 88
49 136
49 253
49 521
50 57
50 106
50 111
51 86
51 93
51 126
51 640
51 681
52 55
52 66
52 67
52 86
52 93
52 587
52 674
53 58
53 999
54 55
54 81
54 98
54 938
55 123
55 325
56 84
56 96
56 102
56 671
57 107
58 98
59 128
60 113
60 184
60 722
60 739
61 84
61 90
61 92
61 98
62 116
63 74
63 75
63 88
63 94
63 124
63 191
64 112
66 85
66 363
66 510
67 92
67 105
67 108
67 121
67 124
67 674
68 93
69 82
69 106
69 115
69 478
69 802
70 94
70 164
70 378
71 113
71 125
72 74
72 79
72 88
72 153
72 179
72 898
73 111
75 77
75 89
75 98
75 381
75 710
76 80
76 82
76 99
76 119
76 407
77 85
77 415
78 103
78 175
81 88
81 425
81 438
82 101
82 888
83 110
83 634
83 776
84 123
84 184
84 610
84 714
85 120
85 124
85 301
86 542
87 103
87 122
87 179
87 557
88 351
88 783
89 95
89 489
91 932
92 100
92 103
92 152
93 792
94 280
95 201
95 395
95 571
96 121
96 325
96 605
97 121
97 380
98 102
98 380
99 116
99 522
100 115
102 443
102 487
104 113
105 113
105 185
106 114
106 170
106 251
106 709
107 175
107 472
107 553
107 732
107 734
108 641
108 746
109 119
109 122
109 123
109 843
110 949
112 685
116 879
118 175
118 819
120 513
121 747
122 692
123 434
124 243
124 484
124 628
125 136
126 153
126 165
126 178
126 244
126 374
126 430
127 138
127 142
127 179
127 246
127 510
128 181
128 236
129 214
129 219
129 247
129 249
129 250
130 176
130 179
130 184
130 188
130 226
130 609
131 132
131 195
131 200
131 201
131 211
131 216
131 670
132 143
132 193
132 234
132 498
132 577
132 884
133 144
133 156
133 197
133 230
133 238
133 241
133 371
133 496
134 135
134 146
134 155
134 159
134 175
134 229
134 247
135 212
135 236
136 174
136 191
136 207
136 210
136 212
136 331
137 237
137 239
137 749
138 145
138 153
138 229
138 234
138 243
138 247
138 322
138 681
138 801
139 238
139 244
139 908
140 141
140 173
140 175
140 211
140 220
140 366
140 405
140 763
140 861
141 167
141 224
141 579
141 693
142 221
142 229
142 233
142 242
142 444
143 226
143 908
143 915
144 194
144 216
144 221
144 222
144 227
144 389
144 736
145 236
145 695
145 995
146 225
147 213
147 216
147 507
147 598
148 157
148 167
148 244
148 716
149 163
149 186
149 191
149 203
149 210
149 275
149 287
150 175
150 197
150 202
150 329
151 226
151 232
151 248
151 318
152 159
152 171
152 213
152 656
153 154
153 172
153 184
153 187
153 238
154 191
154 249
154 438
154 476
154 728
155 174
155 249
156 171
156 230
156 398
156 560
157 183
157 211
157 220
157 636
158 209
158 241
158 427
158 505
158 921
159 247
160 204
160 242
160 463
160 506
161 190
161 197
161 202
161 626
162 163
162 186
162 401
163 203
163 234
163 239
164 186
164 244
164 720
165 173
165 244
165 261
166 214
166 243
166 668
167 182
167 223
167 631
167 719
168 204
168 209
168 242
168 357
169 224
169 239
169 627
169 691
169 748
170 202
170 227
170 237
171 194
171 225
171 570
171 785
171 998
172 233
172 248
172 519
172 541
172 734
172 879
173 180
173 201
174 212
174 214
174 221
174 224
174 914
175 178
175 207
175 248
175 719
176 184
176 221
176 234
176 243
176 757
177 217
177 561
177 843
178 182
178 223
178 431
178 902
179 678
179 963
180 207
180 210
181 206
181 217
181 303
182 194
182 205
182 207
182 241
182 243
183 522
183 770
184 195
184 200
185 215
185 245
185 269
185 759
186 221
186 246
186 481
186 949
187 208
188 228
188 230
188 249
189 200
189 204
189 212
189 249
189 378
189 836
190 220
190 221
190 228
191 238
191 379
192 213
192 542
193 208
193 231
193 248
193 410
193 850
194 199
194 222
194 235
195 465
196 215
196 240
196 269
196 346
198 224
199 239
199 661
200 230
200 250
201 249
201 431
202 215
202 216
202 225
202 231
202 373
202 791
203 210
203 221
203 224
203 234
203 237
203 238
203 248
204 228
204 242
206 220
206 319
207 225
207 244
208 214
208 249
209 228
209 948
210 536
210 606
210 620
210 670
212 239
212 352
212 502
213 223
213 543
214 250
214 656
214 683
215 218
215 220
216 230
216 606
217 229
217 441
218 235
218 289
218 324
219 542
219 795
220 238
220 414
221 799
222 224
222 613
223 233
224 226
224 961
227 283
227 722
228 244
231 235
231 245
232 246
232 494
233 235
233 244
234 236
234 249
234 354
234 966
236 456
236 749
236 852
238 242
238 904
238 938
239 250
239 467
240 835
240 870
241 973
243 563
243 635
244 470
244 488
244 948
246 367
247 461
248 307
248 601
249 256
249 598
249 639
251 284
251 330
251 343
251 361
251 940
252 312
252 325
253 280
253 317
254 292
254 336
254 649
255 261
255 265
255 308
255 313
256 273
256 276
256 310
256 356
256 428
256 850
256 856
257 293
257 311
257 328
258 269
258 278
258 317
258 341
258 343
258 348
259 261
259 289
259 350
259 391
259 632
259 963
259 995
260 294
260 296
260 328
260 367
261 294
261 341
261 352
261 353
261 363
261 369
261 400
262 275
262 301
262 303
262 340
262 342
262 346
262 619
262 895
263 282
263 367
263 368
263 374
263 924
264 329
264 755
265 287
265 299
265 336
265 350
266 339
266 348
266 368
267 355
267 359
267 942
268 272
268 288
268 299
268 310
268 468
269 286
269 294
269 303
269 313
269 371
269 903
270 306
270 311
270 351
270 828
270 874
271 275
271 291
272 293
272 341
273 302
273 305
273 366
273 964
274 297
274 334
274 369
275 295
275 319
275 328
275 330
275 338
275 349
275 365
275 374
276 303
276 328
276 339
276 345
276 371
276 870
276 904
276 963
277 294
277 314
277 323
277 357
277 538
278 301
278 360
278 368
278 369
278 921
279 367
280 291
280 307
280 338
280 363
280 815
281 293
281 295
281 298
281 363
281 738
282 299
282 817
283 315
283 356
283 539
284 296
285 357
285 644
286 307
286 312
286 371
287 296
287 312
287 509
287 857
288 350
288 611
289 294
289 339
290 298
290 302
290 339
290 352
290 353
291 305
291 726
292 695
292 701
294 297
294 316
294 339
294 342
295 319
295 346
295 397
295 523
296 307
296 316
296 319
296 326
296 351
297 343
297 354
298 301
298 307
299 314
299 351
299 366
299 791
299 865
299 990
300 315
300 317
300 330
300 333
300 347
300 369
302 306
302 319
302 360
302 596
303 320
303 367
303 369
303 591
303 913
304 368
304 373
304 396
305 325
305 369
305 371
305 817
306 322
306 647
307 310
307 354
307 359
307 368
308 327
309 346
309 884
310 333
310 352
310 374
310 515
310 657
311 568
312 334
312 738
312 934
313 316
313 361
314 348
314 360
314 361
314 368
314 558
314 880
315 335
315 349
315 353
316 329
316 349
316 364
317 334
317 720
318 356
319 325
319 328
319 359
319 691
320 344
320 357
320 962
321 342
322 504
322 639
322 983
323 335
324 334
324 351
324 374
324 815
325 358
325 408
325 497
325 993
326 337
326 338
326 440
326 758
327 333
328 362
328 372
329 366
330 331
330 348
330 354
330 668
330 696
330 883
331 339
331 353
332 370
332 587
332 657
333 368
333 751
335 436
337 366
337 429
338 957
339 361
340 495
340 928
341 366
341 369
341 373
341 452
341 606
342 354
344 587
347 352
348 756
349 361
349 366
349 450
349 802
350 672
351 526
351 737
352 367
353 361
355 941
356 369
357 359
357 543
359 370
359 372
360 374
361 368
361 826
362 373
362 795
363 443
363 672
363 866
364 504
364 809
365 369
365 465
365 546
365 721
366 372
366 557
366 694
369 480
369 934
370 373
370 891
373 846
374 449
374 941
375 804
376 452
376 465
376 489
376 492
376 500
377 408
377 500
378 384
378 392
378 424
378 446
378 463
378 466
378 469
378 473
378 478
378 484
379 388
379 429
379 431
380 393
380 433
380 444
380 455
380 459
380 496
381 395
381 412
381 459
382 398
383 390
383 468
383 486
383 901
384 387
384 416
384 449
385 393
385 431
385 459
385 469
385 601
385 708
385 954
386 418
386 496
386 829
387 445
387 464
388 390
388 398
388 437
388 440
389 405
389 419
389 430
389 451
389 463
389 484
389 487
389 492
390 399
390 423
390 455
390 858
391 396
391 400
391 402
391 405
391 425
391 439
391 440
391 481
392 413
392 414
392 437
392 453
392 475
392 487
392 499
392 563
392 624
393 397
393 421
393 589
393 717
394 416
394 431
394 433
394 478
394 496
394 961
395 411
395 431
395 467
396 454
396 492
397 411
397 423
397 434
397 442
397 474
397 489
398 401
398 432
398 449
398 459
398 488
398 493
398 494
398 846
399 401
399 414
399 441
399 662
400 426
400 465
400 488
401 403
401 470
401 499
401 546
402 418
402 443
402 444
402 588
402 860
403 415
403 455
403 468
403 469
403 473
403 478
403 482
404 415
404 422
404 492
405 454
405 457
405 491
405 770
405 831
406 419
406 445
406 454
406 491
407 412
407 452
407 463
407 467
408 419
408 444
408 452
408 489
408 498
408 971
409 541
409 646
410 431
410 531
410 662
410 830
411 450
411 739
411 875
411 956
412 430
412 449
412 454
413 415
413 425
413 471
415 422
415 452
415 467
415 478
415 493
415 723
416 434
416 445
416 462
416 492
417 433
417 461
417 483
418 450
418 455
418 474
418 477
419 443
419 448
419 475
419 614
419 791
420 429
420 470
420 478
420 498
421 449
421 941
422 437
422 466
422 493
422 496
423 428
423 458
423 554
424 443
425 454
425 459
425 469
425 487
425 645
426 430
426 452
426 454
426 496
426 663
427 428
427 430
427 454
427 471
428 444
428 460
429 431
429 432
429 436
429 443
429 804
430 436
430 499
431 469
432 462
432 495
433 446
433 452
433 455
433 478
435 443
435 461
435 484
435 498
435 983
436 485
436 923
437 439
437 469
437 787
438 460
438 461
439 453
440 492
440 493
442 465
442 493
442 500
444 477
444 494
445 460
445 467
446 448
446 461
447 457
447 676
448 801
449 468
449 469
449 883
450 489
450 1000
451 466
451 474
452 454
452 459
452 479
452 487
454 472
454 498
454 665
455 479
456 481
456 623
457 473
457 496
457 898
458 578
460 487
460 499
460 829
462 471
462 473
462 491
462 895
463 512
464 470
464 483
464 651
464 718
466 488
466 498
467 477
467 487
467 898
469 498
469 616
469 789
469 917
471 500
471 865
471 901
472 628
473 478
473 487
475 580
476 620
476 831
477 585
477 951
478 973
479 500
480 630
480 640
480 905
481 495
481 711
482 968
483 498
483 536
484 489
484 504
484 568
486 705
486 731
488 498
489 893
490 677
490 848
491 610
495 600
497 500
498 855
499 609
500 787
500 990
501 505
501 560
501 562
501 593
501 599
501 621
501 807
502 506
502 537
502 548
502 549
502 572
502 603
502 620
503 506
503 508
503 522
503 530
503 531
503 539
503 589
504 507
504 512
504 532
504 556
504 572
504 579
504 601
505 512
505 518
505 543
505 556
505 801
506 543
506 606
506 608
507 528
507 533
507 598
507 620
508 551
509 517
509 526
509 563
509 606
510 804
511 531
512 517
512 562
513 524
513 556
513 582
513 587
513 601
514 516
514 517
514 542
514 563
514 613
515 529
515 545
515 983
516 592
516 610
517 529
517 539
517 542
517 549
518 521
518 554
518 595
518 623
519 570
519 720
519 807
520 534
520 570
520 579
521 522
521 528
521 533
521 535
521 536
521 539
521 553
521 567
521 572
521 669
522 542
522 567
522 593
522 595
522 604
524 530
524 557
524 602
524 703
524 902
525 529
525 533
525 562
526 550
526 577
526 584
526 593
526 846
526 856
526 970
527 609
528 589
528 954
529 603
529 935
530 856
531 536
532 537
533 537
533 735
533 934
534 538
534 551
534 624
535 549
535 586
535 619
536 543
536 572
536 596
536 611
537 597
538 594
539 546
539 551
540 568
541 569
541 574
541 592
541 609
541 658
542 558
542 567
542 583
542 600
542 947
542 957
543 565
543 585
543 598
543 607
544 591
544 620
545 593
546 556
546 571
546 584
547 748
548 557
548 581
548 922
549 559
549 836
550 606
551 556
551 570
551 620
551 622
552 559
552 602
552 611
552 731
552 825
553 587
553 617
554 586
554 605
555 590
555 596
555 603
556 561
557 564
557 568
557 586
557 587
558 599
559 596
559 646
560 567
560 571
560 573
561 614
561 627
561 771
562 573
562 589
562 590
562 593
563 569
563 601
563 672
564 603
565 614
565 620
566 584
566 792
567 569
567 572
567 609
567 840
568 611
569 581
569 928
570 600
570 612
570 755
571 588
571 593
572 593
572 670
573 602
573 712
574 618
574 891
575 972
576 578
576 583
576 609
576 615
577 595
577 612
580 620
581 612
581 619
581 756
582 592
583 600
583 610
585 610
585 622
585 778
585 843
586 593
587 606
588 594
591 601
591 605
593 887
595 666
595 922
596 621
596 622
596 828
597 824
597 876
598 599
598 606
598 615
599 600
599 625
601 731
601 984
602 604
602 753
602 756
603 613
605 608
605 614
605 622
607 618
614 642
615 871
618 619
618 767
620 884
624 639
626 663
626 714
627 650
627 652
627 688
627 736
628 644
628 653
628 660
628 676
628 677
628 699
628 713
628 715
628 733
628 736
629 716
629 739
629 770
631 635
631 732
631 781
632 677
632 694
632 813
633 653
633 719
633 725
633 728
633 742
633 743
634 651
634 914
635 663
635 743
635 806
636 703
636 712
636 721
637 639
637 683
637 739
638 661
638 745
639 647
639 688
639 730
639 731
639 738
640 661
640 687
640 696
640 716
640 727
640 733
641 643
641 684
641 688
641 703
641 746
641 747
641 777
642 697
642 725
642 803
643 652
643 662
643 684
643 740
644 676
644 680
644 708
644 722
644 743
645 711
645 730
646 651
646 653
646 676
646 680
646 682
646 784
647 667
647 683
647 707
647 726
647 741
648 659
648 689
648 699
648 711
649 662
649 704
649 723
650 697
650 698
650 749
651 654
651 658
651 694
651 738
651 746
652 683
652 739
654 658
654 671
654 736
654 952
655 673
655 740
655 879
656 677
656 698
656 705
656 939
657 664
658 662
658 734
658 741
659 683
659 996
660 685
661 682
662 742
662 964
663 689
663 712
663 731
664 683
664 700
664 733
664 734
664 748
665 678
665 701
665 711
666 680
666 686
666 722
667 685
667 703
667 710
667 718
667 725
667 746
668 671
668 713
668 722
669 707
670 674
670 711
670 719
671 690
671 731
672 743
673 686
673 687
673 703
673 736
674 679
674 697
674 731
674 745
674 997
675 683
675 722
676 728
677 690
677 729
677 749
678 690
678 708
678 710
678 716
678 725
678 734
678 738
678 894
679 723
679 742
679 747
679 755
679 769
680 701
680 705
680 738
680 741
681 691
681 748
682 690
682 741
683 688
684 727
686 745
687 708
688 833
689 692
689 749
690 693
690 700
690 733
690 734
691 692
691 741
691 749
691 956
692 735
693 721
694 720
694 722
694 729
695 720
695 735
696 699
696 701
697 721
698 710
698 711
698 741
699 742
699 981
700 703
700 726
700 744
701 710
701 718
701 748
702 722
702 743
703 734
703 745
703 748
704 705
704 706
704 714
704 715
704 722
706 745
706 1000
707 720
707 903
708 722
709 729
709 736
709 953
710 717
710 728
710 739
710 743
710 747
711 716
711 728
711 730
711 740
711 848
711 952
712 748
712 919
713 721
713 750
713 888
714 723
715 737
716 719
717 742
719 741
720 723
721 849
721 928
723 817
723 933
724 736
724 741
725 776
727 734
728 750
729 761
730 738
731 739
732 743
735 752
735 872
737 748
737 853
738 910
739 745
740 743
740 890
741 750
743 745
744 806
751 765
751 817
751 833
751 857
751 870
751 874
752 769
752 781
752 833
752 862
752 866
753 822
753 831
753 832
753 840
754 777
754 781
754 805
754 840
754 865
754 936
755 784
755 805
755 836
755 838
755 861
755 865
756 787
756 802
756 808
756 859
757 770
757 777
757 818
757 832
758 852
758 855
759 816
759 835
759 836
760 776
760 792
760 869
761 781
761 795
761 828
761 857
761 869
762 775
762 797
762 827
762 832
762 849
763 820
763 839
763 869
763 881
764 801
764 815
764 847
764 967
765 780
765 845
765 873
766 784
766 785
766 800
767 782
767 855
767 859
768 788
768 810
768 824
769 779
770 790
770 799
770 800
770 801
770 809
770 820
770 822
770 866
771 793
771 800
771 801
771 814
771 843
771 864
772 807
772 820
772 845
772 972
773 787
773 867
774 778
774 822
775 781
775 796
775 815
775 844
775 875
776 851
777 853
777 858
777 861
778 781
778 834
779 797
779 818
779 822
779 858
779 871
780 857
781 805
781 831
781 833
781 872
782 810
782 850
782 871
782 875
783 854
784 833
784 835
785 802
785 858
785 866
786 843
786 907
787 839
787 858
787 865
787 886
788 806
788 811
788 818
788 824
788 848
788 858
789 829
789 837
789 844
789 848
789 863
789 873
790 802
790 803
791 870
792 835
793 814
793 858
793 860
793 866
794 814
794 815
794 828
794 834
794 871
795 868
795 870
797 837
797 875
798 803
798 825
798 833
798 840
798 841
798 872
799 805
799 812
799 875
800 803
801 846
801 870
802 817
802 851
803 817
804 823
804 850
804 898
806 817
807 821
807 837
807 855
809 834
809 844
809 847
809 850
810 818
810 841
811 857
813 852
815 826
815 829
815 852
816 829
817 846
817 860
818 857
818 871
818 902
819 823
819 838
819 874
820 839
821 823
821 854
821 861
822 845
822 864
823 833
824 845
824 869
824 870
825 839
825 866
825 871
827 830
827 844
828 842
828 977
829 841
829 867
830 838
831 842
832 840
833 836
833 853
833 877
834 974
835 855
836 842
840 855
840 874
840 927
841 866
846 866
848 850
849 863
850 852
851 867
851 868
855 860
855 867
855 873
857 858
858 866
859 860
861 866
861 869
861 875
863 864
863 870
873 972
876 918
876 924
876 944
876 961
876 984
876 991
877 885
877 974
877 983
878 949
878 953
879 902
879 906
879 908
879 942
880 890
880 908
880 922
880 944
880 961
880 972
881 897
881 955
881 963
881 970
881 972
882 895
882 900
883 887
883 911
883 915
883 959
883 973
884 949
884 972
884 990
884 995
885 894
885 939
885 999
886 898
886 904
886 914
886 925
886 948
886 982
886 997
887 899
887 902
888 896
888 905
888 912
888 932
888 953
888 958
888 960
889 983
890 948
891 893
891 910
891 923
892 938
892 969
893 895
893 925
893 956
893 961
893 998
894 899
894 909
894 990
895 915
895 925
895 945
895 948
895 959
896 902
896 951
896 973
896 976
897 904
897 911
897 985
898 945
899 927
899 945
900 942
900 950
901 902
901 913
901 922
901 932
901 959
901 982
902 920
902 931
902 957
903 918
903 946
903 988
903 1000
904 922
904 967
904 989
905 909
905 921
905 964
905 970
905 992
906 951
906 965
907 911
907 932
907 961
907 988
909 910
909 979
910 912
910 950
910 997
912 943
912 998
913 917
913 923
913 956
914 916
914 927
914 961
915 943
915 962
916 968
916 995
917 995
918 932
918 995
918 998
918 1000
919 973
919 977
920 971
920 977
920 989
921 973
922 923
922 993
924 954
925 975
925 994
926 943
927 991
928 941
928 944
928 975
929 987
929 991
930 959
930 998
931 946
931 949
932 957
932 982
933 964
933 999
934 938
934 956
934 991
934 997
935 976
935 999
936 943
936 968
937 947
937 955
937 999
938 963
938 966
939 992
940 947
940 970
940 974
940 991
940 997
941 994
942 959
942 967
945 971
945 981
945 990
946 996
947 954
948 951
950 963
950 1000
953 990
953 992
953 993
954 978
954 994
956 990
956 993
957 970
957 981
958 962
958 981
958 983
959 986
959 989
959 997
959 1000
961 980
963 979
965 975
965 976
965 977
967 991
967 994
967 997
968 992
969 987
970 973
970 993
973 997
976 977
978 993
979 987
983 989
990 1000
991 999
