1 34
1 45
1 97
1 110
1 511
1 794
2 3
2 30
2 42
2 44
2 64
2 112
2 115
3 9
3 79
3 429
4 18
4 39
4 40
4 74
4 96
4 655
5 48
5 90
5 111
5 334
6 40
6 87
6 90
6 611
7 34
7 58
7 68
7 99
7 101
7 122
7 150
7 157
8 77
8 82
8 487
8 703
9 45
9 101
9 792
10 58
10 72
10 85
10 98
10 100
10 187
10 779
10 792
11 39
11 105
11 117
11 170
12 20
12 30
12 84
12 108
12 112
12 124
12 526
12 908
13 18
13 69
13 123
13 840
13 935
14 34
14 50
14 51
14 67
14 95
14 99
14 121
15 18
15 57
15 61
15 100
15 120
16 63
16 72
16 120
16 132
16 684
17 86
17 96
17 160
17 749
18 86
18 112
18 207
18 295
18 447
20 414
20 614
21 27
21 36
21 83
21 96
21 124
21 621
22 61
22 118
22 216
22 362
22 923
23 633
23 824
24 63
24 96
25 42
25 116
25 121
25 168
25 561
26 42
26 45
26 73
26 74
26 100
27 45
27 89
27 106
27 108
27 109
27 122
27 239
27 377
27 764
28 42
28 92
28 113
29 47
29 106
29 122
29 858
30 221
30 735
31 44
31 48
31 83
31 100
31 453
31 463
31 568
32 72
32 445
33 47
33 54
33 77
33 87
33 101
33 321
33 784
33 838
34 53
34 102
34 777
34 972
35 65
35 110
35 119
35 685
36 43
36 54
36 104
36 110
36 118
36 124
36 321
37 45
37 102
37 110
38 43
38 64
38 69
38 75
38 120
38 121
38 340
39 101
39 114
39 120
39 594
40 43
40 83
40 85
40 110
40 117
40 845
40 885
40 918
41 46
41 93
41 254
42 82
42 122
42 177
42 720
43 61
43 70
43 253
44 59
44 67
44 81
44 89
44 274
45 71
45 86
45 94
45 102
45 820
46 75
46 92
46 168
46 484
47 482
47 939
48 104
48 124
49 59
49 103
49 106
49 857
49 879
50 68
50 75
50 82
51 82
51 101
51 113
51 504
52 64
52 71
52 87
52 690
53 62
53 86
53 87
53 94
53 104
53 119
53 166
53 964
54 104
54 575
55 69
55 78
55 83
55 99
55 110
56 65
56 577
56 753
57 64
57 75
57 250
57 727
58 60
58 76
58 77
58 92
58 122
58 521
58 555
59 87
59 90
59 116
59 340
60 66
60 77
60 94
60 99
60 249
60 769
60 809
60 867
61 232
61 431
62 80
62 122
62 233
62 563
62 629
63 106
63 112
63 398
64 106
64 122
64 160
64 976
67 70
67 107
67 253
67 856
68 84
68 92
68 99
68 124
68 389
68 526
68 614
68 768
69 88
69 111
69 740
70 98
70 578
70 638
70 880
71 81
71 93
71 103
71 110
71 116
71 619
72 81
73 211
74 79
74 89
74 99
74 110
74 270
76 103
76 133
76 167
77 122
77 571
77 633
77 840
78 92
78 434
79 86
79 87
79 95
79 105
79 238
79 438
80 84
80 105
80 109
82 104
82 106
82 122
83 102
83 434
83 643
85 490
86 97
86 122
86 387
86 591
87 113
87 117
88 114
88 991
89 101
89 106
89 112
89 113
91 93
91 100
92 471
92 635
92 762
94 398
94 949
95 122
95 954
96 125
97 106
97 233
97 854
98 832
99 922
100 446
100 469
101 123
101 437
102 109
102 607
102 688
102 986
104 260
104 556
104 568
104 741
104 806
105 118
105 204
106 125
107 222
108 123
108 148
109 399
110 651
111 358
112 124
112 678
112 972
113 114
114 119
114 267
116 370
117 376
117 515
117 927
118 942
118 981
119 299
119 380
119 811
120 951
121 125
121 131
121 255
121 474
121 573
122 808
123 838
124 365
124 563
124 613
124 794
124 917
124 993
126 143
126 158
126 164
126 196
126 202
126 214
127 171
128 170
128 177
128 180
128 193
128 233
129 195
129 225
129 231
129 241
129 261
129 272
129 407
130 147
130 247
130 509
131 155
131 162
131 198
131 230
131 464
131 717
131 870
132 192
132 558
133 136
133 195
133 211
133 234
133 487
133 949
134 155
134 189
135 137
135 157
135 507
136 142
136 146
136 187
136 201
136 288
137 139
137 148
137 168
137 234
137 270
137 918
138 150
138 166
138 168
138 175
138 183
138 350
138 544
138 771
139 147
139 165
139 236
139 690
140 197
140 203
140 212
141 433
141 668
142 149
142 184
142 213
142 235
142 527
142 676
143 257
143 631
144 148
144 168
144 180
144 832
145 177
146 164
146 167
146 194
147 158
147 177
147 189
147 197
147 629
148 161
148 220
148 648
149 162
149 184
149 208
149 213
149 249
150 151
150 161
150 191
150 891
151 187
151 209
151 233
151 570
151 883
152 163
152 174
152 222
152 308
152 518
152 669
152 923
153 156
153 168
153 181
153 189
153 249
154 225
154 237
154 241
154 375
154 799
154 968
155 160
155 214
155 223
155 250
155 453
155 953
156 176
156 183
156 222
156 230
157 164
157 221
157 546
157 614
157 787
157 937
158 166
158 205
158 245
159 166
159 174
159 204
159 299
159 998
160 191
160 225
160 228
160 237
160 240
160 250
161 176
161 227
161 229
161 245
161 326
162 190
162 222
162 248
163 176
163 186
163 248
164 182
164 188
164 219
164 239
165 167
165 184
165 186
165 341
165 839
166 198
166 199
166 203
166 247
166 883
167 200
167 231
167 238
167 268
168 194
168 853
169 180
169 218
169 225
169 408
169 427
170 196
170 228
170 286
170 910
171 516
172 179
172 225
172 226
172 233
172 239
173 932
174 209
174 571
174 767
175 227
175 378
175 626
176 223
176 229
176 240
176 479
176 889
177 221
177 249
177 961
178 180
178 184
178 201
178 519
179 240
180 206
180 216
180 232
180 527
181 219
182 205
182 228
182 734
183 191
183 206
183 228
183 240
183 292
185 207
185 213
185 485
185 594
186 194
186 240
186 545
186 624
186 980
187 201
187 209
187 851
188 199
188 203
188 208
188 229
189 468
189 893
190 216
190 245
190 559
191 204
191 219
191 221
191 237
192 211
192 231
192 785
193 206
193 239
193 402
193 596
194 207
194 248
194 250
194 467
195 215
195 218
196 208
196 236
197 233
198 235
198 398
198 500
199 217
199 430
200 662
201 203
201 232
201 244
203 210
203 220
203 243
203 246
203 784
204 743
204 744
205 518
205 810
205 895
206 239
206 244
207 245
207 369
208 226
208 233
208 243
208 250
208 817
208 855
209 217
209 450
209 929
210 229
211 216
211 465
211 587
212 216
212 222
212 225
212 507
213 457
214 216
214 503
214 981
215 228
215 229
215 330
215 707
217 225
217 241
217 428
218 234
218 288
218 469
219 772
220 490
220 553
221 222
221 237
221 453
223 372
223 619
223 730
223 810
224 354
224 518
224 743
225 248
225 301
225 797
226 230
226 236
227 246
227 668
228 229
228 485
229 238
229 648
230 233
230 242
230 574
231 711
231 766
232 790
233 577
234 524
234 657
235 748
236 507
236 887
237 580
237 597
239 456
239 505
239 581
239 670
239 712
239 827
239 872
239 909
240 340
240 512
240 756
241 245
241 730
242 270
242 817
242 908
243 285
243 426
245 419
245 500
245 690
246 423
246 691
247 622
248 304
249 612
251 253
251 278
251 311
251 333
251 342
252 368
252 370
252 702
253 255
253 265
253 268
253 292
253 301
253 323
253 453
253 801
254 304
254 324
254 346
254 571
254 645
255 258
255 365
255 462
255 557
255 564
256 273
256 304
256 472
257 280
257 281
257 283
257 729
258 278
258 315
258 325
258 333
258 366
258 845
259 326
259 353
259 364
259 945
260 336
260 411
261 273
261 296
261 304
261 321
261 337
261 375
261 500
261 607
262 273
262 299
262 314
262 344
262 954
263 283
263 333
264 325
264 329
264 356
264 440
264 665
264 817
265 300
265 360
266 273
266 274
266 278
266 300
266 310
266 315
266 401
266 434
266 577
267 298
267 299
267 307
267 327
268 318
268 437
269 270
269 295
269 305
269 308
269 323
269 347
269 503
269 811
270 301
270 363
270 369
270 552
271 295
271 338
271 343
271 350
271 992
272 283
273 318
273 330
273 345
273 880
274 340
274 861
275 345
275 356
275 375
275 629
276 306
276 308
276 331
277 303
277 332
277 373
278 281
278 313
279 297
279 330
279 369
279 413
280 299
280 327
280 331
280 346
280 716
281 293
281 323
281 350
281 374
282 318
282 327
283 364
283 742
283 932
284 285
284 334
284 350
285 313
285 324
285 344
285 408
285 604
285 879
286 298
286 331
286 784
287 300
287 305
287 357
287 359
287 946
287 955
288 314
289 313
289 344
289 740
289 834
290 329
290 353
290 452
291 322
292 665
293 301
293 316
293 327
293 340
293 632
293 841
294 305
294 337
294 363
295 374
295 641
295 969
296 318
296 329
296 336
296 363
296 372
296 374
296 682
297 319
297 320
297 330
297 372
297 727
297 922
298 308
298 589
299 318
299 319
299 327
300 353
300 366
301 311
301 343
301 777
302 338
302 343
302 356
302 627
303 344
303 363
303 427
303 654
304 327
304 354
304 363
305 321
306 349
306 405
307 323
307 349
308 316
308 466
310 369
310 667
311 338
311 342
311 350
311 358
311 987
312 317
312 541
313 327
313 353
313 372
313 475
313 713
314 333
314 334
314 766
315 367
315 371
315 394
316 320
316 321
316 366
316 371
317 374
318 347
318 358
319 344
319 566
319 658
319 942
320 321
320 356
320 896
321 356
321 372
322 337
322 740
323 346
323 561
324 329
325 349
326 350
326 520
326 794
326 939
327 920
328 906
329 748
330 337
330 352
330 756
330 998
331 714
333 344
333 959
334 340
334 345
334 347
334 349
334 358
334 686
334 899
335 355
335 356
335 803
336 360
337 496
338 513
340 350
340 368
340 371
340 538
341 370
343 348
343 607
343 911
344 357
345 670
346 353
346 474
347 352
347 355
347 367
347 523
347 557
348 355
348 363
351 369
351 726
353 362
353 376
353 437
354 365
354 868
354 897
355 357
356 365
356 370
356 675
356 917
357 691
358 361
358 520
359 545
361 373
361 374
363 605
363 648
363 750
365 555
366 884
368 877
371 985
373 700
373 874
375 548
376 412
376 453
376 478
376 499
377 381
377 388
377 991
378 379
378 428
378 448
378 803
378 917
378 988
379 466
379 470
379 808
380 412
380 462
380 467
380 495
381 398
381 399
381 484
381 853
382 394
382 418
382 422
382 486
382 690
383 421
383 422
383 431
383 437
383 458
383 470
384 414
384 418
384 487
384 816
385 398
385 430
385 440
385 454
385 668
386 394
386 441
386 472
387 455
387 992
388 423
388 436
388 438
388 448
388 483
388 499
388 940
389 413
389 433
389 439
389 478
389 488
389 815
389 886
390 414
390 454
390 470
390 496
390 826
391 421
391 423
391 478
391 485
392 402
392 421
392 442
393 394
393 447
393 451
393 485
393 494
394 416
394 474
395 399
395 407
395 458
395 471
395 961
395 989
396 993
397 408
397 410
397 467
397 476
398 454
399 410
399 430
399 491
400 403
400 440
400 495
400 887
401 413
401 417
401 454
401 457
401 907
402 407
402 430
402 435
402 474
402 487
403 423
403 466
403 487
403 955
404 409
404 760
405 435
405 486
405 491
405 837
406 439
406 450
406 500
407 412
407 413
407 459
407 497
408 411
408 428
408 432
408 459
408 486
409 420
409 427
409 471
409 494
410 422
411 432
411 434
411 490
411 495
411 500
412 454
412 482
412 493
413 753
414 434
414 441
414 452
414 460
414 480
414 486
414 590
414 683
415 423
415 427
415 430
415 452
415 472
415 475
416 455
416 459
416 840
417 493
417 726
417 850
417 971
418 425
418 455
418 457
418 458
419 720
419 743
420 450
420 462
420 607
420 672
421 468
421 472
421 980
422 457
422 491
422 540
422 614
423 435
423 448
423 846
424 437
424 469
424 488
425 431
425 442
425 500
426 437
426 481
426 486
426 961
427 468
428 465
428 497
428 499
428 575
429 440
429 454
429 487
430 460
430 498
430 615
430 954
431 480
431 982
432 478
433 446
433 453
434 461
434 465
434 765
435 469
435 529
435 828
436 456
436 464
436 484
436 488
436 490
436 901
437 446
437 744
437 925
438 440
438 442
438 472
438 474
439 491
439 990
440 498
440 903
440 912
441 479
442 925
443 464
443 568
443 583
443 664
444 485
445 453
445 499
445 737
445 778
445 922
446 467
446 469
446 499
447 482
447 801
448 466
448 475
448 484
448 961
449 450
450 896
451 461
451 933
452 454
452 463
452 490
452 898
453 471
453 475
453 484
453 570
454 495
455 661
456 461
456 491
457 469
457 484
458 580
459 472
460 489
460 498
461 475
462 469
462 482
462 497
462 581
463 476
463 478
463 498
463 509
464 478
464 488
465 486
465 493
465 496
466 496
466 861
467 471
467 477
467 482
467 953
468 484
469 478
469 480
470 484
470 500
471 491
471 846
472 492
472 590
472 768
474 485
474 717
475 487
475 654
476 481
476 724
477 478
477 482
478 679
478 879
479 696
481 512
481 910
481 977
482 494
484 817
484 838
485 914
486 488
487 497
487 976
488 624
488 989
489 580
489 821
490 969
492 598
492 923
494 562
496 922
497 533
497 779
498 568
498 707
499 714
501 512
501 530
501 585
502 503
502 567
502 572
502 589
502 590
502 591
502 595
503 568
503 583
503 585
503 602
504 546
504 585
504 601
504 625
504 790
505 529
505 537
505 583
505 995
506 519
506 580
506 599
507 557
507 566
507 580
507 583
507 712
507 713
508 509
508 621
508 622
508 645
508 802
509 526
509 551
509 561
509 586
509 686
510 596
510 627
511 560
511 566
511 622
511 687
512 533
512 552
513 525
513 561
513 592
514 619
515 547
515 625
515 682
516 527
516 570
516 584
516 591
516 986
517 519
517 527
517 609
517 619
518 524
518 610
518 624
518 698
519 521
519 524
519 534
520 535
520 641
520 852
521 554
521 575
521 589
521 993
522 546
522 577
522 585
522 611
523 534
523 540
523 546
523 568
523 569
523 912
524 997
525 533
525 536
525 587
525 601
526 530
526 568
526 792
527 547
527 565
527 584
527 917
527 926
528 554
528 611
528 614
529 548
529 595
529 620
529 621
530 668
531 567
532 607
532 617
533 556
533 573
533 617
534 578
534 609
535 748
536 557
536 566
536 572
536 583
536 595
537 540
537 549
537 593
538 552
538 605
539 555
539 598
539 600
539 606
539 776
540 577
540 582
540 600
540 610
541 546
541 567
541 575
541 576
542 565
542 569
542 601
543 569
543 612
543 669
543 834
543 953
544 582
545 546
545 569
547 551
547 561
547 602
547 607
547 973
548 585
548 589
548 797
549 609
550 572
550 624
550 804
550 808
551 591
551 611
551 648
551 993
552 567
552 591
553 555
553 560
553 565
553 586
553 943
554 562
554 569
554 574
554 853
554 949
555 571
555 582
555 756
556 557
557 649
557 776
557 829
557 963
558 559
558 564
558 613
558 828
560 586
560 624
560 712
561 591
561 603
561 614
561 624
561 821
561 907
562 593
562 607
563 653
564 920
565 609
565 613
565 637
565 874
566 594
567 571
567 581
568 620
569 584
569 752
570 582
570 625
571 575
571 587
571 758
572 616
572 808
574 580
574 594
574 604
574 934
576 603
576 974
577 611
577 615
577 617
578 594
578 597
578 602
578 604
578 641
578 866
579 591
579 687
580 587
580 595
581 591
581 607
582 583
582 584
583 594
584 617
584 643
584 843
585 676
586 756
586 887
587 620
587 704
588 622
589 593
589 603
590 700
590 760
590 912
591 914
592 616
593 601
593 610
593 620
594 596
594 609
595 602
596 616
596 965
597 613
597 615
597 661
598 599
599 606
599 641
599 677
600 614
600 615
600 620
600 715
601 602
601 611
602 613
602 706
604 754
605 975
606 615
606 663
606 989
607 610
607 614
607 895
608 842
608 988
609 684
609 800
609 839
610 618
613 665
614 960
615 987
618 665
618 846
618 900
619 623
622 658
626 888
627 699
627 715
627 716
628 640
628 679
628 936
628 991
629 633
629 636
629 663
629 711
629 730
629 990
630 681
630 693
630 704
630 734
631 639
631 641
631 659
631 674
631 676
631 711
631 768
632 651
632 663
632 668
632 670
632 703
632 876
633 697
633 854
633 899
634 641
634 683
634 687
634 707
634 748
635 655
635 676
635 732
635 990
636 639
636 749
637 646
637 683
638 689
638 801
639 643
639 678
639 725
639 808
640 641
641 663
641 725
642 670
642 717
642 733
643 706
643 707
643 718
643 722
643 741
644 667
644 693
644 719
644 750
644 795
645 719
646 658
646 668
646 700
646 725
646 733
647 649
647 663
647 718
647 742
647 746
648 687
648 688
648 709
648 740
648 747
648 867
649 680
649 700
650 689
651 664
651 715
651 964
652 675
652 676
653 654
653 669
653 734
654 655
654 660
654 670
654 672
654 674
654 701
655 682
655 685
655 688
655 705
655 714
656 661
656 692
656 707
656 722
656 858
657 713
658 695
658 712
658 728
659 738
660 682
660 937
661 676
661 689
661 691
661 693
661 700
661 738
662 688
662 711
662 739
664 683
664 692
664 713
664 720
665 677
665 683
665 703
665 735
665 744
666 708
666 715
667 749
668 697
669 683
669 739
669 746
669 790
670 688
670 692
670 695
670 731
670 905
671 677
671 679
671 697
672 680
672 846
673 700
673 701
673 724
674 705
674 737
675 678
675 710
675 730
676 690
676 706
676 724
676 742
677 716
677 724
677 830
677 901
678 699
678 923
679 682
679 683
679 701
679 745
679 773
680 698
680 707
680 726
681 687
681 693
681 721
681 734
681 750
681 959
682 711
683 750
684 750
685 712
686 696
686 705
687 712
687 714
687 729
687 732
688 709
688 716
688 721
689 710
690 693
690 726
691 739
691 836
692 701
693 711
694 698
696 723
697 724
697 740
698 744
698 746
698 801
699 715
699 727
700 736
701 718
702 735
702 857
703 704
703 738
703 746
704 705
704 706
704 743
704 938
705 718
705 743
706 725
706 727
706 731
706 766
706 847
707 728
707 741
708 915
709 717
709 723
709 749
710 740
710 909
711 719
711 725
711 737
712 729
714 725
715 716
715 719
715 742
715 778
717 720
717 736
717 737
718 723
718 724
718 848
719 721
719 735
719 839
723 734
724 727
725 733
726 748
727 730
727 739
728 735
730 732
731 732
734 891
737 819
741 743
741 796
741 898
743 745
743 873
744 748
747 750
751 753
751 769
751 858
752 838
752 852
753 762
753 773
753 832
754 838
755 777
755 855
756 769
756 781
756 955
757 798
757 804
757 869
758 866
759 778
759 799
759 843
760 819
760 821
761 794
761 807
761 871
762 794
762 868
763 790
763 812
763 841
763 843
763 866
764 799
764 825
765 817
765 831
767 790
767 792
767 793
767 802
767 806
768 792
768 801
768 820
769 848
769 859
769 912
770 779
770 787
770 800
770 857
770 860
770 868
770 874
770 910
771 811
771 846
771 866
771 874
772 802
772 873
773 799
773 874
773 896
774 857
775 811
775 818
775 849
776 802
776 815
777 842
777 845
777 855
778 802
778 854
779 803
779 808
779 913
780 790
780 840
780 858
780 875
781 795
781 811
781 840
781 861
781 893
781 998
782 789
782 815
782 819
782 823
782 830
782 850
782 851
782 871
783 788
783 839
784 829
784 859
785 807
785 845
785 853
786 796
787 797
788 831
788 866
789 819
789 875
790 845
790 847
791 798
791 811
792 802
792 819
792 842
792 926
793 807
793 834
793 841
793 842
793 861
794 875
795 810
796 797
796 826
796 854
796 871
797 845
799 804
799 872
800 864
801 867
802 829
803 858
805 809
805 863
805 886
806 856
806 893
807 832
807 842
808 854
808 858
809 843
811 821
811 827
811 836
811 873
811 875
812 844
812 865
813 825
813 842
813 874
814 824
814 832
817 843
818 824
818 828
818 838
819 853
819 877
819 965
820 824
820 825
820 847
820 849
820 855
820 856
821 840
821 870
822 833
823 845
823 849
824 827
824 858
825 844
827 833
827 847
827 854
827 871
828 847
828 890
829 837
830 896
831 872
831 929
831 999
832 842
835 843
836 851
837 843
838 861
838 875
839 903
839 994
839 995
839 996
840 844
840 859
842 848
842 864
844 861
844 863
845 850
846 883
846 940
848 858
851 858
854 861
854 875
854 923
856 866
857 858
859 861
864 962
865 873
868 869
868 947
876 880
876 919
876 936
876 952
876 953
877 912
877 917
877 939
877 940
878 920
878 934
878 989
878 994
879 932
879 951
879 983
879 999
880 899
880 916
880 936
880 939
880 943
880 976
881 891
881 911
881 939
882 884
882 896
882 947
882 948
883 884
883 921
883 955
883 975
884 971
885 897
885 925
886 925
886 967
886 994
887 902
887 914
888 965
888 982
889 955
889 970
889 979
889 996
890 892
890 937
890 984
891 908
891 918
891 929
891 963
891 971
891 994
892 905
892 916
892 920
892 961
892 982
893 930
893 934
893 962
893 963
893 973
894 911
894 922
894 927
894 943
894 956
894 999
895 911
895 943
895 976
895 985
896 905
896 947
896 974
896 988
897 907
897 996
897 999
898 952
898 974
899 954
899 968
899 982
900 907
900 928
900 966
900 975
901 920
901 937
901 974
902 906
902 949
902 986
903 928
903 950
903 952
903 963
903 974
903 984
905 994
906 940
906 980
906 998
907 911
907 917
908 949
908 952
909 941
909 985
909 996
910 970
910 988
912 1000
913 928
914 917
916 966
917 953
918 921
918 926
918 962
919 955
919 970
919 1000
920 925
920 995
921 926
921 928
921 962
923 926
923 936
923 1000
924 930
924 988
924 999
925 929
925 984
926 936
927 947
927 976
928 980
929 949
929 951
929 963
931 935
931 973
932 951
932 974
934 988
934 996
935 976
935 995
936 941
937 950
937 986
937 988
938 969
938 983
939 963
939 965
940 995
942 945
942 970
942 985
942 994
943 976
943 997
944 977
945 956
947 952
947 977
947 979
947 998
947 999
948 957
948 974
949 989
951 964
951 985
953 973
953 990
954 958
954 976
959 965
959 973
962 997
963 989
964 983
964 986
964 996
965 970
965 981
965 994
967 984
967 998
969 991
971 982
971 994
971 997
972 997
974 994
979 991
979 993
983 984
985 989
986 991
991 994
