1 83
1 149
2 32
2 78
2 90
3 7
3 33
3 184
4 78
4 91
4 100
4 577
4 779
4 931
4 932
5 7
5 57
5 69
5 96
5 417
6 30
6 45
6 59
6 87
6 89
6 101
6 103
6 117
6 420
6 623
7 9
7 11
7 38
7 54
7 98
7 123
7 371
7 997
8 12
8 43
8 52
8 74
8 78
8 88
8 108
8 740
8 919
9 30
9 37
9 64
9 74
9 76
9 124
9 207
9 690
10 42
10 92
10 119
10 122
11 34
11 51
11 596
11 979
12 44
12 72
12 81
12 91
12 118
12 980
13 14
13 42
13 70
13 110
13 216
13 613
13 849
14 29
14 108
14 109
14 534
15 53
15 84
15 354
15 547
16 29
16 32
16 58
16 72
16 115
16 363
16 743
16 858
16 959
17 23
17 573
18 55
18 62
18 69
18 700
18 828
19 50
19 95
19 106
19 120
19 190
19 864
21 68
21 82
21 86
22 25
22 29
22 108
23 83
23 100
23 103
23 915
24 39
24 59
24 73
24 104
24 117
24 162
25 118
25 885
26 42
26 47
26 61
26 81
26 100
26 163
26 642
26 915
27 50
27 99
27 411
28 44
28 53
28 78
28 116
28 149
28 450
29 31
29 62
29 67
29 97
29 118
29 154
29 254
29 702
30 38
30 85
30 131
30 152
31 40
31 73
31 96
31 231
31 457
31 470
32 44
32 52
32 91
32 645
33 125
33 919
34 38
34 54
34 156
34 984
35 44
35 52
35 86
36 46
36 70
36 104
36 160
36 567
36 582
37 53
37 98
37 362
38 45
38 58
38 59
38 60
38 78
38 86
38 88
38 117
38 902
39 68
39 96
39 106
39 114
39 124
40 103
40 523
40 973
41 49
41 102
41 124
41 988
42 95
42 119
42 689
42 757
43 52
43 237
43 427
43 771
44 68
44 84
44 91
44 109
44 803
45 59
45 66
45 110
45 230
46 71
46 83
46 785
47 51
47 86
47 125
47 978
48 68
48 88
48 247
48 325
48 586
48 760
48 894
49 98
51 77
51 123
51 764
52 113
52 209
52 381
53 328
53 415
53 460
54 77
54 103
54 128
54 475
54 977
55 213
55 326
55 671
55 994
56 99
56 557
57 652
58 88
58 109
58 263
59 102
59 872
59 963
60 83
60 108
60 123
60 342
61 68
61 111
61 325
62 87
62 104
62 756
63 111
63 656
63 913
64 74
64 124
64 305
65 72
65 98
65 120
65 722
65 763
65 909
66 72
66 358
67 532
67 882
68 117
68 441
68 980
69 73
69 292
69 434
69 941
69 970
70 74
70 76
70 79
70 315
70 524
70 534
71 523
72 725
73 319
73 885
76 993
77 105
77 329
78 542
79 84
79 218
80 109
80 381
81 284
82 97
82 113
82 116
82 269
82 821
84 98
84 110
84 278
84 347
84 526
84 858
85 90
86 99
87 116
87 493
88 118
88 370
88 456
88 496
89 442
89 622
90 117
90 119
91 106
91 342
92 104
92 519
93 112
93 125
93 298
93 974
95 121
96 386
96 408
96 987
97 101
97 103
97 113
97 177
97 786
99 152
100 122
100 132
101 108
101 116
101 599
101 895
102 737
103 219
104 744
104 891
105 494
106 455
107 736
108 920
109 111
110 359
110 835
111 383
111 754
112 125
112 405
112 528
113 350
113 939
114 115
114 119
114 836
115 461
115 559
115 598
116 132
116 701
117 123
117 276
117 365
117 938
118 720
118 982
119 459
120 410
121 268
121 996
122 125
122 476
122 896
123 124
124 127
126 158
126 175
126 250
127 139
127 232
128 129
128 166
128 192
128 891
129 144
129 219
129 250
129 349
130 135
130 163
130 167
130 174
130 177
130 248
131 181
131 735
132 135
132 136
132 218
132 389
132 678
133 175
133 181
133 546
133 869
134 224
134 240
134 244
135 179
135 181
135 968
136 138
136 186
136 192
136 313
137 206
137 213
137 229
137 401
137 940
138 159
138 203
138 249
139 158
139 204
139 909
140 219
140 422
140 476
141 171
141 198
141 207
141 539
142 246
143 168
143 549
144 160
144 174
144 246
144 589
145 196
145 213
145 215
145 221
145 241
145 246
145 249
145 360
145 762
146 151
146 176
146 206
146 568
147 150
147 152
147 243
147 331
147 336
147 371
148 180
148 490
148 529
149 155
149 164
149 203
149 222
149 226
149 235
149 245
149 289
150 165
150 173
150 194
150 201
150 203
150 238
150 274
150 519
151 162
151 168
151 192
152 209
152 241
152 248
152 613
153 185
153 212
153 689
154 161
154 262
155 212
155 883
156 168
156 190
156 245
156 662
157 202
157 222
157 243
157 980
158 235
158 854
159 239
159 247
160 235
160 240
160 276
160 294
160 368
161 175
161 202
161 455
162 186
162 240
162 282
163 175
163 230
163 234
163 239
163 277
164 175
165 173
165 574
166 185
166 249
167 175
167 187
167 205
167 224
168 192
168 193
168 211
168 237
169 240
169 447
169 999
170 181
170 239
171 193
171 207
171 237
171 386
171 847
172 230
173 192
173 198
173 201
173 210
173 237
173 615
174 182
174 189
174 204
175 187
175 198
175 879
175 1000
176 183
176 201
176 640
176 924
177 184
177 200
177 215
177 219
177 223
177 549
177 561
179 188
179 192
179 194
179 196
179 236
179 238
179 244
180 241
180 244
180 312
180 335
181 473
181 535
182 241
183 221
183 237
183 246
183 911
184 980
185 194
185 209
185 869
186 283
186 964
187 203
187 647
187 939
188 228
188 272
189 195
189 203
190 222
190 227
190 246
190 253
191 316
191 566
191 575
192 244
194 407
194 879
195 249
195 780
197 229
197 231
197 234
198 204
198 227
198 618
199 245
199 593
199 601
200 210
201 238
201 405
203 213
203 218
203 239
203 247
203 745
204 237
204 273
205 213
206 214
206 225
206 237
206 241
206 244
206 318
206 455
206 838
207 219
207 535
208 215
208 246
208 436
210 455
210 567
210 987
212 233
212 476
213 218
213 587
215 221
215 315
216 221
216 250
216 359
216 396
216 588
217 230
217 243
217 441
218 234
218 300
218 343
218 459
218 748
219 285
219 487
219 726
220 225
220 804
222 234
223 448
223 786
225 248
226 245
228 243
228 244
229 564
230 235
230 567
230 691
231 238
231 246
231 348
231 534
231 843
233 374
233 424
233 784
234 403
234 515
234 570
234 736
235 256
235 381
235 401
235 762
235 844
236 946
237 608
238 595
239 533
239 691
239 729
240 940
241 688
242 245
242 384
242 483
243 616
243 628
244 856
245 323
245 477
246 506
246 603
247 843
248 425
248 962
251 258
251 316
251 317
251 346
251 348
251 353
251 400
251 407
251 626
251 961
252 263
252 270
252 280
252 303
252 308
252 327
252 335
252 579
252 601
252 612
252 683
252 906
253 301
253 357
254 261
254 285
254 290
254 317
254 319
254 648
254 890
255 282
255 299
255 339
256 257
256 267
256 294
256 325
256 344
256 371
257 294
257 299
257 315
257 933
257 955
258 273
258 368
258 510
259 271
259 300
259 313
259 344
260 341
260 354
260 363
260 475
260 865
260 896
261 280
261 695
261 884
262 265
262 312
262 320
262 324
262 327
262 339
262 344
262 354
262 370
262 560
262 989
263 348
263 356
263 371
263 738
264 286
264 330
264 337
264 508
265 271
265 286
265 368
265 807
266 285
266 310
266 316
266 355
266 358
266 366
267 293
267 301
268 287
268 288
268 340
268 343
268 375
268 959
269 280
269 282
269 285
269 293
269 320
269 356
270 280
270 296
270 326
270 339
271 283
271 297
271 349
271 370
271 689
272 286
272 328
272 374
273 473
273 922
274 308
274 316
274 329
274 344
275 285
275 364
276 340
276 370
276 373
277 317
277 328
277 771
278 304
278 347
279 333
279 337
281 358
281 477
281 676
281 776
282 299
282 372
282 793
283 293
283 314
283 323
283 330
283 336
284 310
284 332
284 350
284 351
285 297
285 301
285 338
285 366
286 297
286 346
286 357
286 397
287 307
287 322
287 349
288 333
288 336
288 359
288 360
288 364
289 309
289 375
290 304
290 352
291 302
291 333
291 353
292 351
293 365
293 852
294 308
294 312
294 320
294 323
294 326
294 534
294 744
294 987
295 357
295 372
296 347
296 354
296 965
297 311
298 313
298 387
299 368
300 306
300 737
301 329
301 336
301 356
301 361
301 399
301 505
301 729
301 879
302 321
302 341
302 524
302 797
303 311
303 336
303 349
303 372
303 373
303 675
304 352
304 682
305 308
305 331
305 342
305 347
306 333
306 921
307 403
307 521
307 562
307 602
307 673
308 368
308 370
308 372
308 680
308 1000
309 346
309 545
309 828
310 801
310 947
311 369
311 485
311 786
311 852
312 318
312 320
312 471
312 805
313 324
313 348
313 355
315 334
315 361
316 336
316 358
316 362
316 374
317 323
317 334
317 341
317 342
317 529
317 883
318 351
318 374
318 799
319 352
319 354
319 581
319 821
320 333
321 373
322 356
322 374
322 513
323 355
323 498
324 466
324 563
324 686
325 339
325 534
325 870
326 339
327 364
330 358
330 462
330 663
330 870
331 343
331 355
331 367
332 336
332 341
333 341
333 564
334 364
335 360
336 351
336 751
338 339
338 347
339 343
339 359
339 607
341 373
341 669
342 565
343 353
343 368
343 911
344 361
344 633
344 786
345 394
345 462
346 360
346 538
346 674
346 923
347 350
347 589
349 370
349 375
349 414
352 355
354 460
354 639
356 937
356 946
356 951
357 369
358 360
358 966
359 367
359 369
359 957
362 363
363 815
364 447
364 701
365 475
365 708
366 669
366 948
366 951
367 644
369 526
370 874
372 635
372 788
372 817
374 446
374 981
375 688
376 402
376 405
376 416
376 425
376 430
376 454
376 534
376 552
378 381
378 472
378 483
378 838
378 891
379 408
379 414
379 499
379 715
379 917
380 415
380 757
381 383
381 407
381 416
381 483
381 816
382 494
382 917
382 946
383 422
383 425
384 431
384 955
385 388
385 396
385 673
386 401
386 477
386 484
386 893
387 409
387 465
387 487
387 498
387 514
389 425
389 428
389 480
390 400
390 491
390 864
391 418
391 469
391 471
391 486
391 763
392 420
392 434
392 463
392 472
393 458
393 493
394 435
394 463
394 482
395 401
395 439
395 485
395 508
396 423
396 452
396 485
396 733
397 422
397 458
397 477
397 478
398 409
399 931
400 412
400 418
400 440
401 916
402 419
402 434
402 439
402 456
402 474
402 489
403 408
403 423
403 430
404 425
404 448
404 450
404 474
404 484
404 891
405 417
405 432
405 442
405 444
405 445
405 500
405 675
406 462
406 475
406 481
406 965
407 416
407 459
407 482
407 492
407 835
409 410
409 429
409 497
409 940
410 486
410 718
411 422
411 885
412 431
412 690
413 419
414 421
414 458
414 460
415 867
415 901
416 439
416 442
416 466
416 486
416 715
417 459
417 481
417 527
418 449
418 473
419 617
419 661
420 428
420 445
420 455
420 729
421 482
421 488
421 533
421 645
421 955
422 423
422 432
422 441
422 456
422 479
422 626
423 435
423 444
423 485
423 842
424 458
424 481
426 604
427 435
427 459
427 489
428 469
428 474
428 492
428 839
429 458
429 475
429 776
430 439
430 466
430 492
431 447
431 963
432 456
432 763
433 472
433 482
433 490
433 529
433 784
434 441
434 444
434 449
434 453
434 478
434 487
434 493
434 494
434 544
436 441
436 458
436 806
436 817
437 463
437 669
438 439
438 560
438 878
438 909
438 953
439 451
439 469
439 474
439 818
439 915
439 996
440 455
440 458
440 465
440 477
440 632
440 708
441 447
441 472
441 558
441 768
441 790
442 479
444 470
444 480
445 930
446 583
447 457
448 468
448 914
449 475
450 461
450 464
450 465
450 483
451 879
453 469
453 684
454 506
455 480
456 471
457 463
458 472
459 478
459 786
460 485
460 494
461 462
461 485
462 602
462 869
463 488
465 739
466 502
467 760
470 488
470 499
470 717
470 871
470 959
471 593
472 638
472 730
474 499
474 706
474 722
474 866
475 478
475 483
475 490
476 926
477 489
477 496
478 491
479 685
480 494
480 672
482 483
482 491
482 500
482 528
482 698
482 767
483 696
485 568
487 498
488 637
489 782
489 927
490 497
492 674
497 883
497 998
501 573
501 580
501 594
501 737
502 508
502 519
502 592
502 607
503 505
503 563
503 566
503 573
503 577
504 506
504 602
504 607
504 608
505 514
505 557
505 581
506 533
506 549
506 562
506 570
506 619
506 624
506 980
507 557
507 599
508 523
508 585
508 621
509 510
509 558
509 595
509 614
510 568
510 572
510 607
511 515
511 523
511 526
511 611
512 549
512 602
512 607
513 524
513 525
513 530
513 550
513 557
513 559
513 581
513 594
514 540
514 600
514 605
514 616
514 761
515 559
515 563
515 588
515 594
515 610
516 554
516 562
516 574
517 522
517 612
517 618
517 899
517 903
518 600
518 613
519 603
519 608
520 536
520 573
520 605
520 614
520 657
521 534
521 537
521 542
521 545
521 552
521 554
521 603
521 610
521 611
521 614
521 625
522 583
522 622
522 974
523 563
523 607
523 712
523 804
524 530
525 532
525 595
525 878
525 913
526 527
526 561
526 603
526 604
526 621
526 645
528 543
528 555
528 601
528 603
528 624
529 538
529 592
529 608
530 624
531 553
532 573
532 590
532 597
532 601
532 609
533 535
533 538
533 552
533 561
533 574
534 561
534 566
534 587
534 596
535 605
535 618
535 652
536 556
536 591
536 622
538 543
538 562
538 599
538 992
539 562
539 575
539 584
539 589
539 599
540 557
540 623
541 551
541 555
541 614
541 615
542 547
542 556
542 589
543 552
543 562
543 606
543 614
543 623
544 589
544 613
544 623
544 625
544 637
545 582
546 936
547 591
547 598
548 849
549 597
549 598
549 602
549 739
550 617
550 760
551 555
551 572
551 912
552 572
552 576
552 609
552 624
553 561
553 779
554 586
554 823
555 577
555 613
555 652
555 817
556 570
556 609
556 612
556 761
556 974
557 562
557 571
557 610
557 614
558 621
560 580
560 593
562 564
563 619
563 864
565 582
565 599
565 689
566 581
566 618
567 606
567 609
567 620
567 721
567 746
568 646
569 588
570 588
570 590
570 897
570 903
571 572
571 577
571 613
571 618
571 625
572 598
572 623
573 622
573 805
574 616
574 733
575 595
575 619
576 581
576 584
576 610
576 618
576 972
577 596
577 601
577 606
577 607
577 828
578 991
579 605
579 864
579 947
580 619
582 583
582 605
582 610
583 611
584 587
584 603
584 613
584 617
584 625
585 603
585 623
585 703
586 616
586 621
586 857
586 868
587 602
587 620
587 867
588 758
588 933
589 618
589 622
589 743
590 619
590 621
590 622
590 758
591 604
592 593
592 601
592 769
592 963
593 610
594 620
596 616
597 609
598 621
598 670
599 930
601 613
601 745
601 989
604 613
606 987
607 610
607 622
608 622
608 650
608 945
609 832
611 618
611 763
613 846
615 923
616 776
617 918
621 746
621 970
622 697
622 864
624 633
624 703
624 898
626 647
626 678
626 945
627 679
627 692
627 723
627 726
628 706
628 730
629 646
629 935
630 671
630 717
630 718
630 929
630 973
631 637
631 680
631 735
632 741
632 746
634 663
634 694
634 729
634 745
635 647
635 650
635 660
635 743
636 645
636 669
636 717
636 742
637 677
637 694
637 720
637 742
638 704
638 719
638 992
639 650
639 676
639 679
639 694
639 733
639 744
639 810
640 698
641 671
641 683
641 695
642 659
643 646
643 662
643 669
643 699
643 716
644 724
644 728
645 653
645 722
646 653
646 672
646 951
647 694
647 721
647 742
648 673
648 685
648 750
649 688
650 680
651 659
651 720
651 725
651 744
651 745
652 663
652 668
652 681
652 690
652 726
652 727
652 745
652 818
653 687
653 728
654 664
654 665
654 704
655 697
655 705
655 808
656 670
657 684
657 705
657 960
659 684
659 688
659 710
659 980
660 668
660 670
660 742
660 806
661 671
662 670
662 687
662 719
663 673
663 690
663 720
664 712
664 718
665 693
665 704
666 718
666 780
666 824
667 672
667 727
668 708
668 735
668 938
669 747
669 975
670 697
670 720
670 729
670 741
670 942
671 712
671 891
671 906
672 677
672 691
672 720
672 832
672 974
673 685
673 706
673 727
673 813
673 978
674 706
674 748
675 711
675 717
675 739
675 834
675 988
676 699
677 702
678 710
678 724
679 695
679 708
679 726
679 731
680 694
681 695
681 703
681 729
681 743
681 796
682 692
682 699
682 716
682 876
683 706
684 712
684 714
684 737
684 940
685 731
686 715
686 738
687 691
688 727
688 750
689 697
689 729
689 740
690 711
690 722
690 732
691 710
691 728
691 739
692 992
693 707
693 712
694 724
694 780
695 718
695 730
695 925
696 736
696 742
697 713
697 755
700 720
700 722
700 735
700 841
701 723
702 729
702 733
702 874
703 723
703 728
703 780
704 732
706 811
707 731
707 749
708 713
708 738
709 976
710 720
710 726
710 745
711 728
711 747
713 724
713 725
713 816
714 730
714 904
716 718
716 725
716 731
716 740
717 735
718 731
718 843
718 906
719 743
720 736
721 738
722 982
727 745
728 734
728 739
728 747
733 747
733 752
734 738
734 997
737 744
737 818
738 747
741 887
743 744
745 748
746 931
751 768
751 831
751 838
751 843
752 758
752 806
752 844
753 757
753 775
753 802
753 809
753 811
753 851
754 756
754 762
754 815
754 843
754 938
755 797
755 868
756 768
756 804
756 810
756 851
756 887
756 941
757 759
757 827
758 762
758 778
758 792
758 794
758 816
758 843
760 770
760 776
760 804
760 841
761 766
761 779
761 796
761 833
761 968
762 783
762 788
763 816
763 832
763 833
764 786
764 788
764 866
764 869
764 950
765 775
765 786
765 838
766 809
766 815
767 820
767 830
767 869
767 939
768 785
768 809
769 831
769 873
770 775
770 793
770 803
770 816
770 874
771 778
771 789
771 830
772 816
772 827
772 861
773 774
773 777
773 848
774 783
775 778
775 779
775 852
775 868
776 829
776 845
777 780
777 821
777 823
779 804
779 823
780 784
780 801
780 823
780 858
781 784
781 817
782 785
783 804
783 831
784 799
784 824
784 837
784 840
784 843
787 808
788 795
788 830
788 842
788 879
789 821
789 831
790 833
791 805
791 859
791 871
792 801
792 821
792 872
793 814
794 820
795 862
796 847
796 863
798 801
798 818
798 845
799 844
800 825
800 835
802 866
803 823
803 828
803 847
803 853
804 866
805 829
805 873
806 807
806 814
806 869
807 816
807 837
807 854
807 862
807 863
809 820
809 849
810 811
810 837
810 990
811 829
811 837
811 857
812 822
812 831
812 839
812 869
812 875
813 829
814 845
814 850
815 850
816 829
816 831
816 835
817 826
817 845
818 825
818 839
818 845
818 862
819 845
821 828
821 839
821 841
821 855
821 862
821 875
822 835
822 836
822 850
822 851
823 953
824 863
824 880
825 880
826 830
826 832
826 839
826 858
826 871
826 875
827 853
827 870
828 861
829 843
829 867
830 861
830 875
830 939
831 834
831 845
831 851
832 836
833 861
834 865
834 922
835 999
837 852
837 854
837 952
839 863
840 853
840 858
840 866
842 860
844 849
845 853
845 872
846 857
846 869
846 982
847 872
848 876
849 885
851 855
852 863
856 872
859 887
859 980
860 865
861 936
861 944
862 866
870 920
871 872
874 875
876 952
876 986
876 996
877 940
877 959
878 913
878 965
878 978
878 986
879 938
879 951
880 973
880 979
880 982
880 995
881 923
881 948
881 963
883 910
883 951
883 957
883 965
883 986
883 991
884 889
884 932
885 903
885 940
885 956
885 959
885 976
885 998
886 895
886 903
886 947
886 952
887 976
887 981
888 902
888 967
888 1000
889 954
889 957
890 903
890 923
890 961
890 991
891 941
891 957
891 982
891 983
891 993
892 894
892 925
892 930
892 964
892 966
892 973
893 922
893 923
893 937
893 975
894 896
894 926
894 928
894 940
894 978
894 982
895 917
895 982
896 902
896 935
896 948
896 951
896 963
896 992
897 951
897 988
899 917
899 966
900 907
900 946
901 917
901 925
901 956
901 960
901 961
901 988
902 950
902 958
903 912
903 919
903 921
903 992
903 1000
904 963
905 917
905 932
905 933
905 943
905 948
906 915
906 962
906 983
906 998
907 955
907 969
907 981
908 918
908 958
909 910
909 958
911 1000
912 940
912 949
912 995
913 987
914 932
914 999
915 929
915 962
915 975
916 960
916 961
916 984
916 998
917 921
917 933
917 939
917 978
918 984
918 996
919 944
919 948
920 986
920 996
922 933
922 941
922 972
922 992
922 998
923 969
923 998
924 927
924 941
924 950
924 995
924 998
925 989
926 973
927 964
927 985
928 938
928 944
928 964
928 970
928 978
928 998
930 953
930 966
930 986
931 966
932 950
932 953
932 995
933 955
934 952
935 950
935 966
936 967
938 975
939 981
939 984
940 951
940 961
942 970
942 982
943 949
943 955
944 976
945 970
945 984
946 983
947 980
947 986
949 962
949 977
950 968
951 976
951 982
952 962
953 967
953 990
954 960
954 974
955 990
955 1000
956 957
956 972
956 983
958 994
959 998
960 986
962 964
963 988
964 985
965 972
965 981
966 972
968 986
969 995
970 979
971 973
973 998
974 1000
977 988
977 990
979 982
980 984
981 985
987 996
987 999
989 994
