1 19
1 25
1 45
1 51
1 70
1 104
1 109
1 283
1 431
1 869
1 971
2 4
2 20
2 22
2 29
2 70
2 72
2 96
2 103
2 117
2 258
2 967
2 996
3 34
3 41
3 44
3 51
3 52
3 62
3 78
3 97
3 120
3 354
3 577
4 25
4 60
4 78
4 88
4 91
4 99
4 105
4 107
5 8
5 18
5 34
5 42
5 55
5 66
5 68
5 90
5 110
6 27
6 34
6 49
6 58
6 107
6 122
6 519
6 964
6 985
7 44
7 54
7 61
7 69
7 86
7 107
7 119
7 690
8 54
8 71
8 75
8 96
8 103
8 122
8 419
8 420
9 46
9 107
9 862
10 22
10 41
10 42
10 50
10 55
10 57
10 62
10 65
10 83
10 84
10 86
10 96
10 97
10 107
10 122
10 463
10 535
10 783
11 22
11 30
11 34
11 39
11 44
11 71
11 82
11 86
11 102
11 143
11 232
11 263
12 24
12 28
12 31
12 67
12 72
12 84
12 97
12 112
12 113
12 262
12 465
12 809
12 830
13 18
13 22
13 35
13 42
13 84
13 94
13 102
13 360
13 418
13 864
13 936
14 18
14 27
14 64
14 67
14 68
14 93
14 115
14 236
14 521
15 21
15 22
15 23
15 25
15 29
15 75
15 113
15 123
15 455
15 748
16 32
16 33
16 36
16 39
16 118
16 201
16 365
17 19
17 37
17 91
17 95
17 114
17 124
17 244
17 292
17 523
18 22
18 46
18 69
18 73
18 85
18 86
18 93
18 96
18 102
18 117
18 599
19 23
19 32
19 57
19 99
19 117
20 23
20 27
20 48
20 64
20 68
20 77
20 92
20 118
20 119
20 261
20 263
20 707
21 22
21 29
21 34
21 45
21 46
21 68
21 83
21 85
21 86
21 125
21 475
21 981
22 23
22 29
22 30
22 35
22 39
22 59
22 64
22 96
22 109
22 111
22 124
23 45
23 50
23 79
23 80
23 85
23 891
24 29
24 48
24 99
24 105
24 114
24 705
24 779
24 868
25 45
25 63
25 78
25 96
25 388
25 680
26 42
26 50
26 55
26 75
26 83
26 656
27 35
27 44
27 64
27 78
27 91
27 283
28 31
28 49
28 52
28 64
28 79
28 81
28 123
28 167
28 577
28 634
29 52
29 74
29 81
29 93
29 98
29 119
30 55
30 64
30 66
30 92
30 107
30 120
30 329
30 786
30 853
31 87
31 102
31 118
32 34
32 48
32 71
32 87
32 124
32 431
32 839
33 40
33 42
33 50
33 70
33 75
33 83
33 95
33 703
33 875
34 44
34 70
34 73
34 74
34 80
34 95
34 243
34 816
35 48
35 49
35 65
35 99
35 114
35 122
35 303
36 77
36 82
36 84
36 104
36 109
36 112
36 115
37 51
37 68
37 71
37 98
37 100
37 111
37 113
37 122
37 124
37 513
37 753
37 861
38 41
38 50
38 67
38 93
38 99
38 932
39 40
39 63
39 78
39 83
40 50
40 59
40 70
40 74
40 95
40 101
40 117
40 676
40 687
41 65
41 94
41 100
41 103
41 113
41 116
41 122
41 750
42 49
42 65
42 82
42 94
42 100
43 58
43 70
43 80
43 107
43 785
44 51
44 57
44 78
44 80
44 113
45 53
45 90
45 97
45 114
45 359
45 390
45 559
45 934
46 60
46 71
46 72
46 107
46 122
46 257
46 273
46 568
46 837
47 62
47 84
47 103
47 104
47 110
47 112
47 364
47 726
47 787
48 79
48 94
48 124
48 474
48 641
48 764
49 64
49 72
49 85
49 93
49 94
49 96
49 118
49 125
49 770
49 972
50 79
50 80
50 86
50 101
50 109
50 445
50 804
50 836
51 60
51 63
51 64
51 80
51 82
51 101
51 124
51 311
51 461
51 949
52 57
52 59
52 71
52 83
52 94
52 123
52 730
53 76
53 88
53 100
53 310
53 321
53 421
54 59
54 73
54 82
54 101
54 104
54 118
54 869
55 58
55 80
55 83
55 99
55 114
55 133
55 285
56 61
56 63
56 66
56 67
56 82
56 106
56 245
56 440
57 68
57 70
57 91
57 102
57 109
57 220
58 88
58 117
58 182
58 315
58 614
58 649
58 814
59 68
59 79
59 87
59 102
59 133
60 61
60 844
61 79
61 88
61 94
61 98
61 105
61 113
61 114
61 120
61 262
62 65
62 70
62 80
62 91
62 101
62 110
62 272
62 461
63 65
63 81
63 90
63 92
63 103
63 114
63 834
64 119
64 123
64 675
64 786
64 873
64 944
65 435
65 802
66 78
66 83
66 84
66 87
66 96
66 97
66 105
66 124
66 125
66 168
66 396
67 76
68 76
68 85
68 86
68 932
69 81
69 88
69 96
69 102
69 114
69 232
69 311
69 709
69 979
70 97
70 101
70 189
70 219
70 326
71 97
71 302
71 488
71 679
71 819
71 894
72 94
72 100
72 108
72 111
72 659
73 74
73 84
73 94
73 104
73 266
74 77
74 80
74 90
74 830
74 919
74 953
75 92
75 113
75 119
75 120
76 93
76 120
76 122
76 191
76 357
77 89
77 104
77 106
77 273
77 930
78 95
78 102
78 110
79 82
79 89
79 106
79 111
79 271
79 414
80 105
80 108
80 119
80 187
80 448
80 981
81 111
81 114
81 124
81 172
81 472
82 85
82 120
83 111
83 248
83 326
83 464
83 629
83 786
84 98
84 117
84 121
84 642
85 95
85 123
85 124
85 125
85 128
85 970
86 95
86 98
86 123
86 124
87 89
87 101
87 108
87 124
88 94
88 473
89 100
89 101
89 120
89 352
89 736
90 91
90 96
90 99
90 113
90 114
90 117
91 99
91 115
91 117
91 125
91 311
91 404
91 422
92 101
92 108
92 635
92 767
93 117
93 118
93 245
93 251
94 100
94 271
95 106
95 109
95 115
95 233
95 730
96 115
97 102
97 125
97 318
97 491
97 814
97 896
98 114
98 116
98 411
99 104
99 113
99 396
99 417
99 567
99 807
101 105
101 538
102 108
102 317
102 882
103 111
103 121
103 815
104 120
104 470
105 106
105 806
106 117
106 492
106 738
107 549
108 124
108 125
108 205
108 337
108 421
108 776
109 117
109 856
109 931
110 180
110 365
111 116
111 120
112 400
113 118
114 123
115 286
115 854
116 170
116 309
117 566
117 635
118 300
118 834
119 762
119 836
120 236
121 124
122 125
122 225
122 906
123 589
124 894
124 906
124 968
125 296
126 162
126 187
126 194
126 201
126 216
126 224
126 241
126 507
126 525
126 560
126 573
126 794
127 144
127 186
127 213
127 216
127 217
127 222
127 232
127 245
128 134
128 146
128 159
128 160
128 164
128 173
128 232
128 900
129 130
129 137
129 154
129 164
129 175
129 184
129 195
129 197
129 208
129 219
129 225
129 231
129 250
129 383
129 504
130 151
130 163
130 165
130 192
130 222
130 244
130 419
131 135
131 168
131 178
131 198
131 206
131 224
131 237
131 238
131 518
132 146
132 147
132 187
132 221
132 249
132 450
133 135
133 146
133 151
133 157
133 180
133 188
133 222
133 227
133 233
133 242
133 276
133 934
134 148
134 197
134 199
134 210
134 212
134 217
134 221
134 235
134 237
134 244
135 148
135 151
135 155
135 170
135 179
135 199
135 204
135 218
135 594
135 839
136 170
136 187
136 213
136 222
136 231
136 248
136 249
136 501
136 966
137 138
137 146
137 147
137 150
137 155
137 183
137 192
137 195
137 210
137 224
137 709
137 948
138 150
138 153
138 177
138 198
138 209
138 217
138 226
138 235
138 248
139 171
139 176
139 188
139 214
139 299
140 141
140 159
140 207
140 232
140 403
140 460
140 880
141 162
141 180
141 183
141 219
141 229
141 241
142 144
142 150
142 154
142 204
142 217
142 221
142 223
142 230
142 235
142 242
142 249
143 145
143 147
143 149
143 157
143 165
143 173
143 174
143 179
143 193
143 201
143 213
143 221
143 229
143 236
144 146
144 152
144 153
144 156
144 157
144 162
144 218
144 220
144 224
144 233
144 236
144 920
145 146
145 148
145 160
145 182
145 184
145 186
145 201
145 203
145 232
146 148
146 151
146 190
146 200
146 203
146 204
146 216
146 237
146 246
146 790
147 156
147 157
147 158
147 166
147 171
147 183
147 188
147 202
147 214
147 241
147 431
148 187
148 192
148 196
148 202
148 213
148 215
148 224
148 228
148 244
149 153
149 163
149 172
149 183
149 193
149 195
149 202
149 230
149 239
149 240
150 173
150 177
150 198
150 230
150 234
150 243
150 247
150 824
151 154
151 165
151 204
151 208
151 224
151 226
151 237
151 733
152 178
152 191
152 206
152 214
152 227
152 229
152 404
152 929
152 972
153 161
153 193
153 199
153 215
153 244
154 182
154 193
154 201
154 202
154 203
154 211
154 212
154 220
154 234
155 156
155 157
155 161
155 176
155 177
155 190
155 212
155 228
155 232
155 431
156 160
156 173
156 177
156 190
156 210
156 226
156 237
156 240
156 245
156 247
157 162
157 167
157 175
157 177
157 196
157 198
157 211
157 228
157 448
158 178
158 202
158 205
158 247
159 202
159 205
159 206
159 208
159 213
159 333
159 391
160 162
160 190
160 196
160 217
160 385
161 165
161 166
161 174
161 189
161 202
161 219
161 225
161 964
162 173
162 179
162 193
162 217
162 220
162 232
162 235
162 238
162 364
162 433
163 195
163 213
163 232
163 239
163 250
164 175
164 186
164 214
164 224
164 225
164 242
164 243
165 175
165 199
165 208
165 212
165 214
165 243
165 245
165 247
165 760
166 169
166 190
166 201
166 202
166 210
166 222
166 250
166 565
167 192
167 195
167 200
167 201
167 249
167 302
168 174
168 190
168 217
168 224
168 226
168 481
168 488
168 608
168 783
169 192
169 204
169 205
169 219
169 239
169 288
169 492
169 973
170 171
170 176
170 185
170 195
170 201
170 209
170 234
170 242
171 175
171 182
171 189
171 203
171 216
171 234
171 249
171 507
172 211
172 577
173 175
173 201
173 203
173 205
173 211
173 243
173 765
174 179
174 195
174 198
174 199
174 224
174 237
174 660
174 791
174 991
175 196
175 217
175 230
175 239
175 695
176 195
176 198
176 208
176 213
176 234
177 193
177 223
177 229
177 239
177 250
177 251
177 274
177 635
177 903
177 933
178 207
178 220
178 367
178 968
179 184
179 194
179 212
179 245
179 869
180 181
180 233
181 191
181 200
181 234
181 248
181 297
182 184
182 189
182 191
182 200
182 232
182 240
182 628
183 190
183 194
183 211
183 218
183 237
183 247
183 249
183 286
184 187
184 195
184 212
184 213
184 233
184 242
184 245
184 468
185 187
185 205
185 209
185 217
185 222
185 232
185 233
185 238
186 195
186 217
186 222
186 231
186 249
186 313
186 581
187 208
187 209
187 225
187 236
188 239
188 274
188 284
189 199
189 209
189 220
189 228
190 196
190 203
190 214
190 262
190 591
191 195
191 203
191 207
191 225
191 231
191 235
191 242
191 246
192 206
192 224
192 231
192 237
192 369
192 764
193 196
193 206
193 211
193 214
193 250
193 542
193 788
194 213
194 224
194 478
194 969
195 196
195 217
195 225
195 234
195 340
196 209
196 217
196 221
196 230
196 237
196 244
196 246
196 498
197 219
197 226
197 250
197 794
197 851
198 202
198 235
199 214
199 226
199 227
199 247
199 803
199 904
200 220
200 425
201 217
201 225
201 237
202 213
202 215
202 224
202 227
202 249
202 314
203 210
203 219
203 236
203 241
203 531
204 217
204 221
204 244
204 314
204 505
204 825
205 232
205 235
205 245
205 329
205 784
206 233
206 237
206 241
207 211
207 222
207 225
208 227
208 232
208 236
208 313
209 232
209 244
209 247
209 539
210 220
210 226
210 234
210 246
210 638
211 212
211 220
211 223
211 245
211 884
212 238
212 652
213 307
214 242
214 932
215 238
215 927
216 220
216 225
216 234
216 236
216 248
216 506
216 733
217 224
217 225
217 233
217 234
217 866
218 245
218 896
220 247
220 248
220 428
221 223
221 228
221 234
221 790
221 852
222 238
222 239
222 786
223 242
223 243
223 906
224 235
224 803
225 238
225 612
226 810
226 863
227 240
228 239
228 290
228 292
228 494
228 625
228 718
229 235
229 238
230 240
230 242
230 244
230 731
230 826
231 246
231 315
231 621
231 942
232 249
232 306
232 341
233 241
233 244
233 245
234 712
235 244
235 245
235 672
235 764
236 247
236 249
236 674
238 243
238 558
239 244
240 244
240 246
241 246
242 245
242 248
242 680
243 969
244 246
244 247
244 390
244 409
246 459
246 616
247 294
248 350
248 718
248 802
248 887
250 515
250 851
251 270
251 308
251 349
251 362
251 370
251 717
251 736
251 920
252 267
252 273
252 308
252 312
252 322
252 328
252 331
252 342
252 351
252 359
252 363
252 960
253 314
253 334
253 335
253 344
253 349
253 350
253 357
253 368
253 373
254 257
254 285
254 312
254 318
254 359
254 683
254 861
255 264
255 268
255 288
255 294
255 317
255 340
255 487
255 898
256 258
256 261
256 316
256 320
256 321
256 326
256 360
256 367
256 372
256 375
257 263
257 266
257 313
257 331
257 362
257 741
258 266
258 270
258 291
258 307
258 313
258 316
258 352
259 287
259 290
259 303
259 304
259 306
259 308
259 314
259 336
259 343
259 372
259 405
260 277
260 278
260 303
260 320
260 340
260 879
261 264
261 294
261 298
261 327
261 336
261 338
261 493
262 263
262 292
262 318
262 321
262 323
262 334
262 340
262 346
262 347
262 371
262 795
262 856
263 268
263 270
263 302
263 309
263 322
263 331
263 343
263 358
263 416
263 837
264 286
264 293
264 304
264 322
264 331
264 338
264 355
264 366
264 610
264 746
265 283
265 306
265 307
265 311
265 314
265 365
265 391
266 267
266 277
266 284
266 290
266 295
266 325
266 328
266 336
266 341
266 353
266 368
266 655
267 270
267 282
267 283
267 288
267 323
267 355
267 356
267 375
267 662
268 280
268 305
268 310
268 320
268 329
268 335
268 338
269 290
269 307
269 310
269 319
269 321
269 327
269 339
269 366
269 415
269 812
270 276
270 278
270 299
270 308
270 327
270 366
270 722
271 292
271 302
271 335
271 341
271 351
271 352
271 364
271 814
272 287
272 308
272 312
272 342
272 352
272 375
273 309
273 317
273 323
273 338
273 340
273 351
273 357
274 301
274 322
274 335
274 353
274 359
274 439
274 994
275 276
275 301
275 308
275 311
275 316
275 352
275 460
276 280
276 295
277 290
277 294
277 307
277 334
277 335
277 339
277 350
277 355
277 371
277 686
277 922
278 297
278 304
278 329
278 372
279 285
279 332
279 334
279 340
279 705
280 312
280 324
280 350
280 359
280 908
281 295
281 303
281 339
281 361
281 364
281 579
282 353
282 755
283 289
283 298
283 334
283 343
283 363
283 469
283 668
284 290
284 324
284 348
284 352
284 366
284 371
285 319
285 329
285 342
285 355
285 361
285 826
285 976
286 293
286 297
286 318
286 337
286 342
286 348
286 367
286 373
286 572
286 649
287 311
287 321
287 340
287 367
287 523
288 311
288 324
288 326
288 345
288 351
288 361
289 296
289 316
289 362
289 479
290 325
290 589
291 295
291 319
291 340
291 343
291 346
291 358
291 367
291 372
291 374
292 332
292 335
292 343
292 351
292 352
292 365
292 532
292 788
293 320
293 323
293 328
293 330
293 335
293 337
293 338
293 357
293 375
293 409
294 314
294 335
294 350
294 353
294 370
294 389
294 683
295 311
295 332
295 345
295 348
295 773
296 305
296 325
296 331
296 340
296 750
296 885
297 307
297 324
297 327
297 329
297 349
297 354
297 359
297 366
297 370
297 599
297 794
298 308
298 309
298 329
298 371
298 670
298 976
299 301
299 309
299 311
299 340
299 775
300 319
300 322
300 333
300 334
300 335
300 340
300 345
301 306
301 313
301 333
301 350
301 356
301 473
302 320
302 324
302 349
302 352
302 365
303 304
303 320
303 322
303 332
303 352
303 372
304 341
304 426
304 863
305 314
305 333
305 345
305 364
305 371
306 330
306 336
306 357
306 580
307 319
307 331
307 349
307 350
307 364
307 528
307 659
307 874
308 317
308 347
308 350
308 356
308 370
308 371
309 311
309 315
309 332
309 356
309 490
309 579
309 930
310 317
310 322
310 325
310 332
310 343
310 357
310 368
311 332
311 349
311 353
311 362
311 366
311 791
311 843
311 959
312 317
312 321
312 328
312 329
312 344
312 349
312 356
312 375
312 389
312 578
312 893
313 322
313 352
313 469
313 920
314 318
314 322
314 328
314 355
315 319
315 343
315 367
315 528
315 610
315 945
316 342
316 366
316 370
316 712
317 325
317 342
317 358
317 364
317 695
318 334
318 337
318 347
318 348
319 338
319 340
319 349
319 351
319 356
319 363
320 345
320 347
320 364
320 370
321 323
321 337
321 341
321 342
321 350
321 370
321 733
322 325
322 341
322 665
323 342
323 351
323 357
323 361
323 617
323 812
324 353
324 356
324 357
324 507
324 606
324 814
324 898
324 937
325 328
325 335
325 338
325 351
325 356
326 344
326 438
327 338
327 351
327 353
327 365
327 466
327 657
328 334
328 343
328 348
328 361
328 362
328 363
328 371
328 768
329 337
329 375
329 555
329 831
330 358
330 370
330 463
330 812
330 997
331 343
331 372
332 349
332 350
332 364
332 365
332 494
333 336
333 337
333 366
334 338
334 353
334 361
334 364
334 590
334 734
334 762
334 899
335 338
335 340
335 341
335 345
335 346
335 361
335 366
335 368
335 374
335 389
335 613
336 339
336 342
336 354
336 362
336 676
336 725
337 342
337 358
337 364
337 438
337 482
337 908
338 343
338 566
338 650
339 348
339 354
339 368
339 374
339 375
339 829
340 345
340 358
340 365
340 374
341 345
341 348
341 361
341 545
342 360
343 355
343 356
343 364
343 537
344 536
344 991
345 353
345 358
345 370
345 795
346 371
346 375
346 425
346 447
347 357
347 370
347 561
347 739
348 356
348 369
348 372
348 375
349 355
349 371
351 361
351 499
351 560
351 654
351 957
352 356
353 360
353 361
353 363
353 368
354 374
354 472
354 728
355 549
355 585
355 817
356 368
356 372
356 922
357 364
358 361
358 365
358 765
359 371
359 381
359 502
359 944
360 424
360 564
360 731
360 776
361 368
361 426
361 807
361 903
361 922
362 367
362 380
363 369
363 374
363 662
363 728
364 367
364 550
365 373
365 525
366 369
366 373
366 448
366 687
366 815
366 829
367 451
367 498
367 908
368 370
368 373
368 702
369 394
369 781
370 371
371 643
371 665
371 755
371 812
372 611
372 643
373 374
373 741
375 667
375 844
376 377
376 381
376 395
376 440
376 451
376 453
376 454
376 456
376 476
376 481
376 493
376 780
377 413
377 416
377 453
377 455
377 486
377 497
377 507
377 968
377 989
378 385
378 392
378 399
378 418
378 424
378 438
378 449
378 491
378 499
378 598
378 917
379 381
379 385
379 415
379 436
379 460
379 473
379 474
379 488
379 714
379 948
380 387
380 399
380 403
380 404
380 409
380 455
380 463
380 465
380 481
380 484
380 500
380 914
381 411
381 415
381 433
381 459
381 462
381 470
381 477
381 484
381 494
381 766
382 387
382 411
382 423
382 438
382 460
382 461
382 485
382 486
382 490
382 610
383 385
383 390
383 402
383 407
383 408
383 410
383 438
383 472
383 491
383 731
384 421
384 444
384 448
384 450
384 453
384 456
384 475
384 477
384 506
385 401
385 410
385 433
385 443
385 468
386 397
386 410
386 425
386 427
386 434
386 451
386 461
386 478
386 481
386 486
386 498
386 820
386 863
387 388
387 395
387 401
387 407
387 440
387 443
387 445
387 462
387 472
387 486
387 500
387 518
388 420
388 432
388 455
388 458
388 465
388 471
388 474
388 486
388 492
388 494
388 498
388 556
388 662
388 709
388 847
388 931
389 403
389 409
389 417
389 424
389 425
389 434
389 440
389 442
389 448
389 459
389 464
389 479
389 487
389 494
389 751
389 911
390 445
390 446
390 474
390 476
390 480
390 489
390 842
390 892
391 397
391 425
391 435
391 450
391 489
392 401
392 422
392 437
392 468
392 482
393 415
393 462
393 464
393 465
393 534
393 957
394 410
394 412
394 418
394 419
394 422
394 438
394 447
394 452
394 488
394 647
394 836
395 409
395 438
395 450
395 469
395 474
395 486
395 492
396 408
396 409
396 423
396 428
396 468
396 474
396 475
396 603
396 679
397 398
397 410
397 444
397 473
397 483
397 491
397 493
398 405
398 407
398 410
398 450
398 466
399 402
399 416
399 417
399 423
399 439
399 445
399 474
399 479
399 488
399 496
399 500
399 642
400 572
401 417
401 438
401 462
401 473
401 480
402 415
402 420
402 427
402 430
402 432
402 443
402 465
402 468
402 815
402 995
403 429
403 446
403 447
403 452
403 457
403 467
404 406
404 437
404 447
404 459
404 461
404 497
404 654
404 950
405 408
405 415
405 437
405 451
405 452
405 459
405 468
405 470
405 496
405 893
406 433
406 440
406 449
406 453
406 478
407 426
407 464
407 472
407 482
407 490
408 416
408 449
408 452
408 469
408 718
408 755
408 804
408 858
409 422
409 424
409 441
409 446
409 449
409 461
409 470
409 491
410 434
410 442
410 448
410 461
410 462
410 477
410 496
410 664
410 753
410 850
411 414
411 462
411 480
411 488
411 499
411 937
412 420
412 450
412 451
412 454
412 836
413 429
413 441
413 445
413 465
413 480
413 485
413 486
413 490
414 431
414 434
414 449
414 496
415 457
415 490
415 971
416 433
416 442
416 454
416 496
416 499
417 455
417 476
417 493
417 913
418 421
418 425
418 427
418 443
418 454
418 464
418 470
418 473
418 481
418 491
418 498
418 500
419 431
419 455
419 472
419 481
419 493
419 633
419 680
419 824
420 428
420 461
420 473
420 679
421 425
421 428
421 429
421 434
421 437
421 448
421 459
421 463
421 473
421 487
422 425
422 452
422 462
422 464
422 482
422 485
422 579
422 602
423 427
423 443
423 444
423 446
423 482
423 490
424 436
424 457
424 480
424 484
424 485
424 492
424 498
425 429
425 432
425 435
425 453
425 465
425 475
425 476
425 478
425 490
425 527
426 454
426 455
426 465
426 493
426 500
426 695
427 428
427 451
427 459
427 460
427 461
427 465
427 475
427 487
427 491
427 492
427 987
428 431
428 432
428 464
428 477
428 546
428 578
429 431
429 469
429 476
429 481
429 483
429 484
429 499
429 929
430 445
430 458
430 473
430 493
431 432
431 441
431 452
431 463
431 467
431 475
431 487
431 499
431 575
431 717
432 695
433 437
433 456
433 465
433 469
433 473
433 494
433 498
433 694
434 437
434 441
434 452
434 455
434 456
434 472
434 479
434 484
434 997
435 436
435 441
435 446
435 449
435 454
435 467
435 528
435 654
436 442
436 620
436 892
437 459
437 461
437 468
437 492
437 702
438 456
438 468
438 473
438 476
438 900
439 450
439 467
439 470
439 476
439 497
439 614
439 897
440 469
440 482
441 450
441 853
442 443
442 838
443 447
443 473
443 867
444 454
444 467
444 478
444 492
444 657
444 718
445 457
445 465
445 849
446 463
446 726
447 487
447 492
447 581
447 778
448 454
448 482
448 495
449 470
449 482
449 494
449 926
450 456
450 479
450 495
450 685
450 733
450 906
451 455
451 468
451 470
451 479
452 476
452 482
452 493
452 537
452 913
453 482
453 492
453 859
454 464
454 465
454 480
454 485
455 461
455 468
455 489
455 492
455 769
456 496
456 500
457 461
457 490
458 465
458 470
458 473
458 475
458 484
458 578
458 805
458 984
459 460
459 461
459 467
459 477
459 495
460 465
460 477
460 480
460 483
461 494
461 497
462 465
462 489
462 799
463 468
463 476
463 925
464 471
464 472
464 485
464 607
465 470
465 478
465 484
465 884
466 468
466 485
466 491
466 492
467 471
467 477
467 484
467 574
468 485
468 494
468 506
468 703
469 474
469 475
469 476
469 484
470 979
471 726
472 486
472 490
472 662
474 487
474 496
474 498
474 499
475 487
475 497
475 966
476 495
476 497
476 556
477 487
477 497
477 499
477 653
478 490
478 580
479 485
479 765
481 487
481 493
481 980
482 485
482 521
483 492
484 487
484 498
484 529
485 486
485 648
485 991
486 495
486 632
487 496
487 869
488 934
489 939
491 493
491 496
492 496
492 693
493 495
493 499
494 495
495 569
495 696
496 523
497 561
498 706
500 936
501 522
501 525
501 540
501 554
501 561
501 562
501 568
501 569
501 585
502 508
502 540
502 571
502 592
502 607
503 522
503 556
503 574
503 582
503 587
503 590
503 602
503 624
503 860
504 521
504 534
504 556
504 574
504 576
504 580
504 601
504 604
504 625
504 760
504 854
505 507
505 509
505 520
505 534
505 538
505 583
505 595
505 600
505 603
505 615
505 617
505 620
506 529
506 550
506 551
506 569
506 601
506 605
506 614
506 971
507 576
507 606
507 612
507 614
508 529
508 531
508 553
508 561
508 596
509 540
509 544
509 554
509 576
509 582
509 591
509 597
509 598
509 599
509 607
509 625
509 630
510 521
510 533
510 540
510 551
510 557
510 575
510 609
511 525
511 547
511 549
511 565
511 576
511 582
511 588
511 603
511 608
511 939
511 989
512 528
512 539
512 544
512 558
512 561
512 569
512 570
512 589
512 611
512 624
513 564
513 597
513 601
513 617
513 621
514 518
514 550
514 557
514 568
514 587
514 589
515 532
515 541
515 574
515 578
515 588
515 594
516 527
516 528
516 564
516 594
516 595
516 596
516 604
517 534
517 548
517 550
517 564
517 573
517 595
518 519
518 538
518 540
518 543
518 552
518 567
518 591
518 606
518 608
518 623
519 524
519 525
519 535
519 549
519 557
519 559
519 576
519 593
519 849
519 942
520 522
520 546
520 554
520 573
520 600
520 625
520 982
521 544
521 587
521 605
521 623
521 696
521 700
522 544
522 555
522 560
523 536
523 547
523 561
523 568
523 572
523 581
523 590
523 598
524 554
524 585
524 617
524 624
525 595
526 530
526 541
526 566
526 571
526 574
526 579
526 580
526 581
526 607
526 613
526 617
527 529
527 534
527 544
527 557
527 577
527 578
527 582
527 589
527 622
528 531
528 590
528 894
529 548
529 557
529 598
529 600
529 604
529 608
529 833
530 570
530 575
530 587
530 603
530 605
530 610
530 625
530 871
531 539
531 548
531 555
531 573
531 576
531 601
531 604
531 608
531 609
531 615
531 622
531 670
531 683
532 542
532 546
532 565
532 566
532 571
532 573
532 581
532 648
533 544
533 545
533 569
533 574
533 586
533 595
533 602
533 607
533 610
533 620
533 625
534 538
534 551
534 571
534 586
534 602
534 608
534 624
534 647
535 561
535 586
535 595
535 613
535 625
535 890
536 580
536 595
536 596
536 610
536 622
536 765
537 593
537 600
537 601
538 540
538 548
538 550
538 558
538 580
538 594
538 599
538 602
538 623
539 567
539 619
540 556
540 570
540 585
540 601
540 607
540 613
540 617
540 619
540 623
540 657
540 852
540 907
541 567
541 576
541 577
541 581
541 589
541 622
541 625
542 578
542 583
542 624
543 558
543 570
543 576
543 608
543 619
544 549
544 552
544 557
544 558
544 566
544 574
544 600
544 601
544 604
544 607
544 611
545 557
545 566
545 569
545 593
545 607
545 617
545 619
545 620
546 555
546 567
546 587
546 614
546 623
547 551
547 575
547 577
547 590
547 595
547 622
547 744
547 764
547 768
547 967
548 553
548 571
548 590
548 603
548 611
548 617
548 619
549 553
549 575
549 590
549 621
549 694
549 970
550 555
550 560
550 575
550 578
550 581
550 586
550 590
550 595
550 597
550 611
551 561
551 562
551 571
551 576
551 581
551 585
551 605
552 578
552 601
552 617
552 622
552 701
553 556
553 572
553 591
553 592
553 658
553 803
554 555
554 566
554 573
554 577
554 597
554 604
555 557
555 598
555 606
555 618
556 603
556 612
557 569
557 576
557 593
557 598
557 610
557 617
558 566
558 567
558 591
559 560
559 562
559 591
559 606
559 614
559 621
559 770
560 570
560 586
560 598
560 604
560 616
560 621
560 726
561 564
561 583
561 588
561 609
561 617
561 757
562 567
562 589
562 591
563 564
563 595
563 619
564 577
564 597
564 604
564 606
564 618
565 587
565 591
566 578
566 585
566 890
567 612
567 736
567 962
568 608
568 621
568 696
568 799
569 584
569 620
569 835
570 579
570 654
570 740
571 574
571 579
571 588
571 606
572 576
572 577
572 578
572 603
572 613
573 618
574 604
574 606
574 609
574 615
574 617
574 623
575 592
575 616
575 620
575 622
576 580
576 585
576 589
576 605
576 633
576 724
576 913
577 578
577 600
577 763
578 592
578 598
578 601
578 615
578 620
578 624
579 607
579 611
579 621
579 767
579 915
580 585
580 602
580 605
580 617
580 618
580 623
580 638
580 799
581 583
581 608
581 623
582 583
582 589
582 593
582 605
582 622
582 781
583 623
583 994
584 607
584 617
585 587
585 589
585 600
585 601
585 605
585 990
586 596
586 597
586 608
586 612
587 589
587 603
587 604
587 625
587 755
588 593
588 608
588 616
590 621
590 934
591 609
591 614
591 860
592 599
593 613
593 665
594 616
595 596
595 601
595 614
595 735
596 623
599 600
599 620
599 787
600 621
600 938
601 615
601 617
601 805
601 823
602 625
603 608
603 624
603 981
604 615
604 617
604 656
604 892
605 615
605 624
605 648
605 989
607 611
608 619
608 621
608 623
608 954
609 615
609 620
609 980
610 617
611 647
612 615
612 730
613 616
613 778
613 831
614 621
615 824
615 896
620 621
621 824
621 907
625 911
626 628
626 632
626 647
626 662
626 706
626 736
627 637
627 652
627 653
627 657
627 658
627 676
627 688
627 691
627 718
627 747
627 842
628 639
628 642
628 645
628 683
628 694
628 748
629 630
629 631
629 635
629 645
629 652
629 658
629 671
629 673
629 697
629 704
629 709
629 712
629 714
629 715
629 743
629 749
630 639
630 651
630 671
630 692
630 705
630 737
630 739
630 750
630 791
631 652
631 660
631 670
631 699
631 721
631 732
631 744
631 745
631 747
631 806
632 664
632 673
632 674
632 696
632 712
632 719
632 724
632 726
632 734
632 741
633 637
633 646
633 744
633 841
633 993
634 648
634 694
634 707
634 724
634 726
635 641
635 668
635 680
635 682
635 706
635 742
635 746
636 653
636 656
636 674
636 684
636 713
636 718
636 719
636 727
636 729
636 746
637 640
637 643
637 700
637 702
637 704
637 705
637 730
637 736
637 740
637 802
638 651
638 657
638 664
638 669
638 682
638 687
638 709
638 1000
639 662
639 668
639 672
639 684
639 695
639 745
639 793
640 693
640 702
640 738
640 769
640 804
640 952
641 666
641 673
641 681
641 701
641 716
641 732
641 746
641 747
642 657
642 683
642 725
642 727
642 750
642 776
643 660
643 669
643 676
643 694
643 730
643 731
644 656
644 664
644 670
644 672
644 696
644 725
644 743
644 744
644 748
645 650
645 685
645 693
645 708
645 719
645 723
645 730
645 747
645 773
646 647
646 657
646 666
646 667
646 680
646 692
646 704
646 712
646 721
646 729
646 734
646 742
646 748
646 749
647 676
647 700
648 687
648 705
648 733
648 986
649 653
649 656
649 662
649 676
649 705
649 708
649 719
649 720
649 722
649 739
649 745
650 669
650 697
650 721
650 745
650 747
651 654
651 673
651 674
651 680
651 688
651 689
651 695
651 698
651 713
651 735
651 737
652 657
652 660
652 671
652 675
652 680
652 686
652 698
652 699
652 713
652 747
653 694
653 698
653 702
653 704
653 731
653 739
653 742
653 993
654 658
654 674
654 685
654 687
654 690
654 702
654 718
654 746
655 656
655 680
655 681
655 682
655 695
655 702
655 719
655 741
655 745
655 746
656 663
656 676
656 679
656 685
656 706
656 707
656 711
656 719
656 723
656 740
657 674
657 677
657 685
657 690
657 701
657 735
657 737
657 870
658 659
658 674
658 697
658 706
658 710
658 713
658 723
658 728
658 729
658 732
658 738
658 743
659 663
659 678
659 705
659 708
659 738
660 716
660 721
660 723
660 746
661 662
661 664
661 669
661 675
661 687
661 701
661 710
661 711
661 719
661 721
662 672
662 675
662 706
662 737
662 742
662 745
662 835
663 737
663 739
664 669
664 694
664 750
664 774
665 670
665 672
665 677
665 682
665 701
665 738
665 902
666 672
666 679
666 725
666 857
666 952
667 670
667 696
667 698
667 712
667 714
667 733
668 674
668 677
668 678
668 700
669 686
669 693
669 707
669 724
669 725
669 730
669 739
669 750
670 713
670 738
670 740
670 744
670 788
671 674
671 687
671 709
671 710
671 720
671 741
671 872
672 674
672 683
672 692
672 693
672 702
672 724
672 732
672 990
673 674
673 681
673 712
673 719
673 724
673 747
674 681
674 707
674 715
674 716
674 727
674 737
675 712
675 715
675 729
675 730
675 749
675 826
676 709
676 739
676 749
677 694
677 708
677 729
677 742
678 721
679 689
679 738
680 685
680 691
680 726
680 728
680 736
680 740
680 745
681 735
681 743
682 707
682 727
682 736
682 740
682 797
683 686
683 697
683 708
683 719
683 733
683 746
683 799
683 812
684 701
684 740
684 745
685 704
685 708
685 722
685 727
685 728
685 733
685 738
685 908
686 688
686 702
686 723
686 741
686 744
687 716
687 721
687 728
687 731
688 695
688 729
688 730
689 696
689 715
689 735
689 738
689 741
690 693
690 694
690 713
690 724
690 728
691 694
691 721
691 943
691 949
692 995
693 716
693 720
693 735
694 709
694 712
694 713
694 720
694 735
694 910
695 711
695 742
695 743
696 699
696 706
696 722
696 748
696 749
696 797
696 888
697 699
697 730
697 733
697 734
698 708
698 712
698 727
698 735
698 736
698 738
699 712
699 725
699 730
699 745
699 797
700 703
700 709
701 857
702 707
702 708
703 711
703 723
703 737
703 813
703 967
704 713
704 727
704 730
704 736
705 710
705 713
705 724
705 742
706 743
706 802
707 711
707 725
707 729
707 737
707 889
708 726
708 729
708 732
708 739
708 740
708 914
709 712
709 716
709 748
709 756
710 722
711 724
711 729
712 721
712 732
712 736
712 748
712 987
713 732
713 739
714 715
714 736
714 853
714 857
715 731
716 723
716 730
716 732
717 722
717 743
717 907
717 970
717 995
718 729
718 734
718 749
719 742
720 991
721 933
721 945
722 747
723 735
723 739
724 740
726 727
726 734
726 736
727 995
728 748
728 914
729 734
729 742
730 736
730 745
730 747
732 749
733 736
733 740
734 747
734 749
735 736
735 749
736 739
736 881
737 742
737 748
737 816
739 743
740 741
740 743
740 744
740 745
741 749
742 745
744 979
746 791
746 801
751 761
751 770
751 793
751 803
751 813
751 823
751 839
751 857
751 869
751 874
752 763
752 767
752 780
752 808
752 815
752 843
752 848
752 854
752 856
752 864
753 754
753 797
753 800
753 802
753 838
753 839
753 842
754 761
754 781
754 801
754 819
754 845
754 849
754 850
754 856
755 767
755 769
755 770
755 786
755 790
755 799
755 806
755 829
755 863
756 761
756 806
756 807
756 831
756 848
756 870
756 873
756 875
756 951
757 784
757 799
757 827
757 834
757 839
757 841
757 859
758 769
758 811
758 813
758 827
758 853
758 863
758 866
759 774
759 793
759 805
759 808
760 806
760 871
761 764
761 778
761 781
761 801
761 809
761 833
761 834
761 841
761 859
761 864
761 870
762 766
762 783
762 787
762 793
762 807
762 829
762 847
762 848
762 849
762 853
762 858
762 865
762 872
763 773
763 779
763 784
763 796
763 812
763 833
763 867
763 872
763 874
764 769
764 777
764 797
764 853
764 854
764 860
764 881
765 776
765 791
765 802
765 830
765 836
765 858
765 865
765 875
766 778
766 788
766 800
766 821
766 841
766 846
766 875
767 791
767 809
767 812
767 843
767 849
767 872
768 770
768 797
768 803
768 810
768 822
768 826
768 847
769 776
769 786
769 816
769 817
769 832
769 838
769 840
769 847
769 855
769 857
770 773
770 791
770 829
770 831
770 859
770 869
770 872
770 875
771 788
771 796
771 823
771 854
771 860
771 864
772 809
772 811
772 814
772 822
772 834
772 848
772 850
772 856
773 799
773 821
773 828
773 856
773 868
774 779
774 790
774 791
774 795
774 798
774 815
774 828
774 865
775 815
775 846
775 875
776 793
776 818
776 820
776 825
776 843
776 848
777 822
777 828
778 825
778 833
778 854
778 855
778 866
778 917
779 781
779 803
779 829
779 830
779 844
779 860
779 868
779 995
780 781
780 802
780 810
780 821
780 841
780 854
780 862
780 925
781 797
781 801
781 805
781 808
781 826
781 831
781 841
781 867
781 871
782 793
782 823
782 837
782 842
782 843
783 800
783 802
783 805
783 814
783 825
783 836
783 843
783 897
784 794
784 805
784 828
784 841
784 854
784 868
784 874
785 792
785 809
785 841
785 842
786 788
786 793
786 816
786 820
786 856
786 860
786 863
787 788
787 794
787 808
787 814
787 859
787 860
787 863
787 873
787 937
788 800
788 820
788 842
788 850
789 791
789 801
789 803
789 818
789 820
789 822
789 836
789 843
789 844
789 846
789 868
789 869
789 955
790 796
790 809
790 820
790 833
790 849
790 856
791 800
791 802
791 821
791 828
791 829
791 848
791 856
791 857
791 862
792 793
792 795
792 839
792 844
793 809
793 819
793 838
793 860
793 868
793 870
793 874
794 808
794 827
794 835
794 838
794 841
795 800
795 817
795 840
795 844
795 845
795 855
795 861
795 862
795 866
796 797
796 826
796 838
796 839
796 858
796 864
797 800
797 820
797 826
797 827
797 828
797 840
797 851
797 865
797 978
798 811
798 818
798 845
798 859
798 863
799 831
799 853
800 808
800 852
800 861
800 869
800 873
800 875
801 808
801 853
801 863
802 815
802 823
802 836
802 845
802 858
802 869
802 872
802 873
803 804
803 854
804 813
804 818
804 856
804 868
805 817
805 823
805 859
805 861
805 864
806 811
806 829
806 908
807 828
807 861
807 874
807 940
808 823
808 848
808 851
808 872
809 838
809 853
809 861
809 870
809 925
810 814
810 822
810 846
810 860
810 869
811 815
811 830
811 849
811 854
811 859
812 814
812 834
812 838
812 858
812 868
812 872
813 818
813 843
813 860
813 873
814 815
814 820
814 834
814 838
814 846
814 847
814 864
814 870
815 818
815 819
815 829
815 836
815 860
816 819
816 851
816 858
816 867
816 967
817 859
817 874
817 999
818 843
819 826
819 853
819 892
820 821
820 822
820 825
820 854
820 860
821 833
821 971
822 832
822 848
823 860
823 888
824 825
824 836
825 833
825 835
825 838
825 842
825 843
825 864
825 869
826 834
826 841
827 836
828 839
828 842
828 863
829 832
830 839
830 840
830 849
830 868
832 836
832 857
832 865
832 998
833 840
833 862
833 867
833 870
834 839
834 843
834 844
834 860
835 843
835 852
835 855
835 892
835 928
836 855
836 865
837 848
837 851
837 852
837 854
837 856
837 858
838 848
838 859
838 867
840 848
840 856
841 847
841 865
841 868
841 875
842 850
842 860
844 853
844 871
844 962
845 857
846 858
846 873
846 966
846 970
848 867
848 873
849 853
849 856
849 857
849 868
849 871
850 852
850 866
850 867
850 869
850 1000
851 895
852 873
852 874
853 866
853 874
854 863
854 864
854 872
855 872
855 873
856 865
856 872
857 872
857 970
858 859
859 874
860 871
860 872
861 862
861 863
861 870
863 865
863 874
863 925
864 870
865 868
866 935
876 907
876 922
876 929
876 956
876 973
876 979
876 980
876 982
877 903
877 907
877 915
877 937
877 942
877 964
877 971
877 982
878 880
878 913
878 932
878 944
878 948
878 956
878 987
879 957
879 979
879 986
880 907
880 908
880 936
880 944
880 963
880 971
880 985
880 991
881 923
881 977
881 991
881 998
881 1000
882 900
882 932
882 934
882 935
882 951
882 965
882 966
882 986
882 994
882 996
883 884
883 899
883 904
883 916
883 930
883 935
883 938
883 955
883 982
883 984
883 989
884 940
884 945
885 895
885 896
885 898
885 916
885 919
885 934
885 941
885 954
885 959
885 984
886 902
886 906
886 912
886 940
886 946
886 968
887 914
887 929
887 956
887 958
887 966
887 971
888 918
888 919
888 960
888 969
889 892
889 938
889 976
889 979
889 998
890 950
890 981
891 897
891 898
891 905
891 906
891 915
891 918
891 930
891 937
891 943
891 960
891 987
892 895
892 910
892 913
892 932
892 938
892 964
892 994
893 926
893 934
893 944
893 956
893 969
893 980
893 991
894 910
894 912
894 913
894 918
894 947
894 952
894 975
894 996
895 896
895 902
895 903
895 905
895 909
895 917
895 918
895 925
895 958
895 1000
896 910
896 913
896 919
896 926
896 928
896 930
896 933
896 947
896 952
896 953
896 978
896 982
896 985
896 995
897 905
897 907
897 944
897 955
897 971
897 983
897 996
898 903
898 962
898 971
898 977
898 979
898 988
898 998
899 907
899 921
899 922
899 948
899 976
899 981
900 901
900 910
900 924
900 929
900 973
900 975
900 979
900 985
901 908
901 914
901 927
901 928
901 950
901 959
901 969
901 983
901 993
901 994
901 999
902 930
902 941
902 952
902 957
902 970
902 985
903 914
903 944
903 949
903 967
903 984
903 990
903 993
903 997
904 929
904 939
904 947
904 964
904 968
904 977
904 982
904 997
905 915
905 917
905 918
905 943
905 957
905 978
905 991
906 914
906 925
906 935
906 971
906 972
906 984
907 910
907 911
907 931
907 932
907 937
907 943
907 966
907 984
907 989
908 910
908 924
908 937
908 966
908 987
909 948
909 953
909 982
910 954
910 960
910 963
910 978
910 999
910 1000
911 945
911 961
911 967
911 978
912 942
912 947
912 951
912 959
912 978
912 986
913 915
913 920
913 930
913 949
914 937
914 947
914 967
914 987
914 994
914 999
915 926
915 927
915 929
915 941
915 949
915 983
915 995
916 921
916 930
916 935
916 937
916 962
916 963
916 973
916 978
917 932
917 943
917 953
917 959
917 963
917 968
917 977
917 987
917 1000
918 926
918 927
918 934
918 954
918 960
918 970
918 985
919 941
919 968
919 973
919 980
919 999
920 921
920 947
920 952
920 956
920 962
920 993
920 997
921 923
921 940
921 967
921 969
921 971
921 998
922 942
922 985
923 924
923 956
923 988
923 989
924 927
924 947
924 968
924 969
924 985
924 987
925 927
925 999
926 936
926 976
926 990
927 932
927 946
927 954
927 969
927 984
927 985
927 988
927 997
928 955
929 930
929 953
929 964
929 993
930 941
930 967
930 969
931 950
931 971
931 999
932 934
932 954
932 961
932 972
932 981
933 940
933 948
933 961
933 976
933 999
934 941
934 950
934 953
934 984
935 965
935 970
935 980
936 962
936 965
936 968
936 969
936 975
936 979
936 997
937 946
937 951
937 954
937 958
937 967
937 997
938 948
938 968
938 998
939 959
939 966
939 972
939 991
939 997
940 964
940 990
940 991
940 993
941 948
942 950
942 968
943 967
943 984
943 993
944 953
944 955
944 956
944 978
944 992
945 953
945 1000
946 965
946 966
946 980
946 998
947 961
947 972
947 992
947 995
948 951
948 962
948 977
949 977
949 983
950 952
950 956
950 981
950 991
951 957
951 963
951 974
951 987
952 959
952 986
953 957
953 959
953 965
953 968
953 995
954 977
955 994
955 997
956 984
956 985
956 996
957 966
957 968
957 995
958 964
958 966
959 962
959 989
959 999
960 985
960 989
960 993
961 982
961 997
962 973
962 979
962 982
962 983
962 986
962 991
963 970
963 972
963 989
963 993
964 968
964 969
964 974
964 982
964 984
964 998
965 977
965 978
965 982
965 996
967 989
967 995
967 998
968 976
969 977
969 981
969 984
970 980
970 987
970 990
971 998
972 981
972 998
973 974
974 993
975 981
975 989
976 989
977 1000
978 986
979 989
980 1000
981 994
982 986
982 988
982 989
982 992
982 994
984 990
984 1000
985 988
986 990
987 989
988 998
989 990
989 1000
991 998
996 998
997 998
999 1000
