1 40
1 45
1 162
1 607
1 901
2 65
2 77
2 108
2 278
2 506
3 9
3 82
3 88
3 120
3 817
4 588
4 628
4 960
5 25
5 391
6 719
7 47
7 52
7 120
7 417
7 454
8 18
8 33
8 93
8 634
9 32
9 42
9 47
9 50
9 103
9 115
9 911
10 101
10 107
10 552
11 62
11 98
11 128
11 638
12 28
12 63
12 65
12 77
12 97
12 118
12 312
12 868
13 48
14 31
14 55
14 67
14 87
15 42
15 79
15 99
15 467
16 73
16 120
16 557
17 123
18 78
19 761
19 910
20 77
20 98
20 115
20 406
20 687
20 745
20 887
21 28
21 45
21 73
21 84
21 477
22 73
22 110
22 316
23 27
23 111
23 346
24 49
24 59
24 96
24 97
24 655
25 27
25 55
25 59
25 68
25 82
25 85
25 87
25 980
26 36
26 90
26 668
27 39
27 72
27 93
27 196
27 946
28 35
28 97
28 850
28 955
29 82
29 99
29 108
29 209
29 300
30 54
30 66
30 113
30 981
31 80
31 86
31 94
31 632
32 71
32 146
32 202
32 782
33 108
33 118
33 196
33 198
33 438
33 768
34 51
34 71
34 615
34 877
35 47
35 592
35 765
36 55
36 93
36 120
36 122
36 149
36 381
36 483
36 873
37 83
37 112
37 520
37 704
37 824
38 85
38 114
38 120
38 714
39 103
39 105
39 564
40 75
40 89
40 94
40 113
40 623
40 751
41 973
42 45
42 77
42 110
42 115
42 731
43 86
43 93
43 113
43 188
43 892
44 355
45 53
45 87
45 89
45 98
45 101
46 49
46 69
46 145
46 645
46 967
47 59
47 102
47 104
47 253
47 418
47 432
48 115
48 835
48 992
49 71
49 124
49 356
49 656
50 63
50 94
50 201
50 792
51 177
51 485
51 535
52 68
52 86
52 227
52 500
54 56
54 92
54 934
55 76
55 804
56 75
56 726
56 996
57 58
57 70
57 405
57 944
58 95
58 178
58 670
59 63
59 87
59 106
59 722
60 84
60 306
60 440
60 754
60 768
61 119
62 84
63 69
63 122
63 356
64 119
64 125
64 164
65 72
65 103
65 124
65 430
66 90
66 99
66 842
67 95
67 123
67 807
68 80
68 87
68 93
69 70
69 73
69 124
69 230
69 352
69 470
70 76
70 99
70 174
70 406
71 91
71 478
72 74
72 116
72 772
73 112
73 121
73 225
73 762
74 86
74 108
74 537
74 792
74 968
75 112
75 122
75 126
75 149
76 99
76 111
76 778
76 998
77 98
77 108
77 279
77 585
78 292
78 435
78 817
78 861
79 100
79 113
79 974
80 99
81 87
81 116
81 203
81 370
81 439
81 493
82 124
82 662
83 120
83 386
83 411
83 520
83 979
85 376
86 91
86 95
86 576
87 123
87 490
87 781
87 817
87 880
88 96
88 121
88 353
88 444
88 619
88 970
89 91
89 783
90 98
90 123
91 96
92 97
92 113
92 125
94 98
94 257
95 411
95 812
95 959
96 100
96 201
96 667
97 100
97 146
97 232
97 817
98 119
98 724
99 110
99 113
99 116
99 466
99 854
100 383
100 866
101 526
101 938
102 191
102 530
103 521
103 775
104 122
104 239
104 337
104 752
104 833
105 359
105 679
105 755
106 232
106 344
106 428
107 121
107 551
108 881
109 866
110 317
110 522
111 319
111 434
112 494
114 122
116 118
116 264
116 995
117 287
117 660
118 328
118 432
119 140
119 248
119 294
119 717
119 751
119 926
120 198
121 122
121 189
121 679
121 790
122 295
122 690
123 661
124 156
125 212
125 253
125 772
126 182
126 212
127 198
127 485
127 608
127 811
128 170
128 173
128 201
128 228
128 275
128 579
129 132
129 156
129 351
129 564
129 748
130 148
130 222
130 975
131 235
131 925
132 149
132 170
132 472
133 168
133 173
133 220
133 242
133 245
134 150
134 152
134 219
134 247
134 503
135 139
135 183
135 189
135 372
135 456
135 535
136 194
136 205
136 248
136 307
136 453
136 792
136 822
137 144
137 185
137 349
137 399
137 558
138 213
138 228
138 235
138 576
138 660
138 824
139 140
139 143
139 159
139 246
139 264
139 365
140 197
140 201
140 210
140 242
140 594
141 147
141 158
141 180
141 231
141 253
141 422
141 576
141 696
141 879
141 977
142 184
142 197
142 207
142 212
142 785
143 213
143 543
144 149
144 154
144 157
144 190
144 216
144 233
144 298
145 154
145 164
145 175
145 184
145 223
145 455
145 657
146 192
146 230
146 719
146 979
147 153
147 198
147 206
147 288
147 357
147 411
147 622
148 178
148 179
148 188
148 280
149 153
149 164
149 212
149 224
150 187
150 223
150 713
150 765
150 789
151 172
151 184
151 228
152 223
152 233
152 238
152 485
153 185
153 192
153 252
154 175
154 209
154 804
155 161
155 186
155 187
155 191
155 216
155 222
155 661
156 243
156 573
157 194
157 233
157 528
158 163
158 235
158 328
158 553
159 213
159 244
160 176
160 217
160 578
161 189
161 230
161 359
161 384
162 213
162 232
162 575
163 746
164 206
164 208
164 226
164 901
165 238
165 826
165 831
165 927
166 190
166 246
166 876
166 978
167 234
167 246
167 404
167 720
168 241
169 215
169 228
169 242
169 244
169 247
169 266
169 853
170 193
170 194
171 185
171 200
171 748
171 1000
172 189
172 974
173 174
173 179
173 191
173 209
173 210
173 220
173 223
173 823
173 952
174 243
174 245
174 533
175 178
175 190
175 201
175 412
175 550
176 244
177 191
177 202
177 282
178 243
178 250
178 744
178 782
179 193
179 583
179 688
180 185
180 191
180 205
180 211
180 562
181 216
181 790
182 227
182 236
182 871
183 187
183 192
184 813
184 948
185 434
185 587
185 997
186 210
186 246
186 566
186 940
187 245
187 332
187 489
188 205
188 235
188 239
189 228
189 506
189 990
190 197
190 470
190 986
191 200
191 240
191 384
191 597
192 270
192 470
193 219
193 239
193 274
193 531
193 699
194 407
195 236
195 242
196 228
196 248
196 725
197 223
197 502
198 217
198 239
198 292
198 756
198 935
199 207
199 683
199 801
200 248
200 442
201 206
201 893
202 241
202 362
202 689
203 225
203 739
203 811
205 222
206 239
207 355
207 606
208 227
208 733
209 813
209 934
210 366
211 233
211 243
211 626
212 228
212 230
212 248
212 755
212 771
213 221
213 226
213 579
213 706
214 462
214 649
215 224
215 231
215 235
216 218
216 224
216 294
216 558
217 221
217 628
218 260
218 546
220 979
221 246
221 249
221 533
222 239
222 715
223 233
224 239
224 773
225 301
225 433
225 443
225 725
225 815
226 231
226 355
226 885
228 789
228 894
228 977
230 543
230 766
230 899
231 239
231 249
231 258
231 412
231 504
231 535
231 842
232 908
233 329
233 490
234 243
234 294
234 326
235 669
236 564
236 566
238 532
239 372
239 444
239 457
239 738
240 244
240 760
240 797
240 943
241 252
241 487
241 722
242 249
242 409
242 984
244 812
244 992
245 391
245 554
245 859
246 799
247 752
248 249
249 430
249 932
251 255
251 257
251 325
251 890
251 979
251 988
252 331
253 259
253 274
253 290
253 332
253 346
253 359
253 808
254 256
254 368
254 817
254 854
255 268
255 280
255 301
255 323
255 336
256 271
256 272
256 278
256 323
256 339
256 711
257 258
257 270
258 311
258 315
258 320
258 362
258 374
258 940
259 292
259 364
260 266
260 307
260 310
261 312
261 346
261 349
261 369
262 286
262 297
262 302
262 763
262 788
263 456
263 662
264 289
264 325
264 329
264 347
264 686
264 820
265 294
265 330
265 348
265 351
265 722
266 286
266 350
266 669
267 274
267 297
268 572
268 668
268 991
269 270
269 284
269 324
269 386
270 274
270 276
270 291
270 307
270 308
270 310
270 357
271 275
271 324
271 329
271 356
271 360
271 930
272 277
272 326
272 329
272 351
272 369
273 274
273 344
273 416
274 364
275 296
275 806
275 913
276 767
276 943
277 345
277 363
277 375
277 922
278 318
278 319
278 321
278 684
278 711
279 293
279 297
279 311
279 792
280 320
280 335
280 336
280 363
280 550
280 954
281 331
281 332
281 372
281 945
282 314
282 362
283 299
283 314
283 324
283 634
283 654
284 341
284 808
285 313
285 356
285 407
285 527
285 698
286 334
286 336
286 350
286 365
286 375
287 305
287 336
288 301
288 323
288 331
289 324
289 427
289 953
290 341
290 359
290 996
291 314
291 325
291 525
291 564
292 322
292 325
292 326
292 846
292 868
293 298
293 331
293 348
294 310
294 353
294 428
295 311
295 325
295 368
295 417
295 583
296 375
296 437
297 307
297 336
298 353
298 616
298 781
299 300
299 323
299 341
299 352
299 354
299 549
300 305
300 856
302 311
302 344
302 857
303 313
303 323
303 359
303 368
303 374
304 343
304 345
304 366
304 547
304 581
304 753
304 771
304 975
305 331
305 354
305 561
305 823
305 901
306 311
306 348
306 358
306 367
306 374
307 309
307 339
307 341
307 590
308 341
308 606
308 629
308 778
308 791
309 328
309 343
310 367
310 552
311 366
311 424
311 978
312 383
312 936
313 497
313 569
313 618
314 323
314 333
314 361
314 374
315 757
315 993
316 336
316 339
316 341
317 319
317 341
317 351
318 784
318 838
319 320
319 341
319 354
319 403
319 898
320 346
320 681
321 372
321 854
322 836
323 346
323 370
323 887
323 889
324 534
325 395
325 411
326 682
327 345
327 354
327 526
328 329
329 357
329 365
330 342
330 697
330 873
331 343
331 351
331 352
331 481
331 994
332 364
332 372
332 388
333 347
333 358
333 620
335 344
335 381
336 342
336 354
336 717
338 372
338 822
338 984
339 340
339 345
339 987
340 364
340 739
340 809
341 354
341 359
341 523
341 648
341 935
342 347
342 365
342 952
344 346
344 356
344 360
344 371
345 348
345 367
345 545
346 979
347 818
347 940
347 950
349 356
349 714
350 362
351 621
352 414
353 383
355 542
356 865
359 612
359 945
361 375
362 374
363 682
363 926
364 365
366 854
367 454
368 487
368 565
370 787
370 924
371 647
374 603
374 718
374 754
376 457
377 725
378 437
378 466
379 438
379 443
379 668
380 465
380 486
380 487
380 686
381 450
381 459
381 468
381 587
382 405
382 479
382 483
382 485
382 497
382 525
382 528
383 411
383 434
383 445
383 468
383 599
384 405
384 480
384 899
385 391
385 405
386 416
386 417
386 421
386 422
386 427
387 412
387 418
387 621
387 682
387 821
388 393
388 433
388 443
388 463
388 487
388 494
388 607
388 670
388 731
389 469
389 492
389 502
389 824
390 444
390 451
390 640
391 451
391 452
391 481
391 556
392 406
392 450
393 464
393 478
394 395
394 418
394 685
395 414
395 457
395 760
396 404
396 408
396 442
396 488
397 427
397 463
397 497
397 506
398 421
398 476
398 774
398 980
399 409
399 433
399 448
400 414
400 481
400 484
401 404
401 458
401 626
401 642
401 836
402 419
402 453
402 534
403 426
403 427
403 447
403 453
403 460
403 556
404 416
404 441
404 443
404 471
405 427
405 463
405 469
405 481
405 484
405 485
405 844
406 422
406 447
406 472
406 969
407 422
407 426
407 459
407 467
407 500
408 421
408 436
408 638
409 413
409 416
409 439
409 483
409 486
409 504
409 853
410 412
410 465
410 498
411 417
411 423
411 488
412 413
412 439
412 504
412 656
412 687
412 781
413 431
413 450
413 492
413 498
413 742
414 428
414 450
414 889
415 458
415 530
415 553
415 663
417 430
417 444
417 464
417 490
417 986
418 434
418 445
418 466
418 909
418 910
419 447
419 456
419 468
419 470
419 687
419 756
420 431
420 443
420 446
420 875
420 927
421 435
421 472
421 491
421 718
422 426
422 476
423 442
423 485
423 498
423 534
423 686
423 745
424 446
424 455
424 481
425 488
425 500
425 857
426 457
426 468
426 478
426 489
426 497
426 627
426 700
426 995
427 448
427 458
427 463
427 470
428 454
428 489
428 497
429 456
429 760
430 467
430 491
431 447
431 448
434 437
434 490
434 653
434 786
435 456
435 475
435 493
436 448
436 470
436 476
436 585
436 867
436 947
437 459
437 463
438 478
440 443
440 446
440 471
441 479
441 497
441 740
442 448
442 479
442 487
442 492
442 494
442 764
444 469
444 487
444 816
445 478
446 449
446 493
446 570
447 450
447 881
448 480
449 472
449 481
449 625
450 466
450 579
450 629
450 673
450 746
450 993
451 454
452 487
452 498
453 490
453 515
453 916
454 455
454 458
454 468
455 487
456 469
456 490
456 639
456 783
457 462
457 496
458 467
458 474
459 687
459 732
460 936
461 582
461 949
462 464
462 892
463 496
465 684
465 896
466 467
466 469
466 482
467 483
468 689
469 486
469 902
471 758
472 602
472 934
473 478
474 491
474 898
479 493
479 505
479 899
479 929
480 485
480 868
481 485
482 685
483 489
483 499
483 561
484 883
485 966
486 639
486 687
486 746
486 897
488 601
490 885
491 628
494 637
495 794
495 946
496 905
497 570
498 980
499 765
499 958
499 982
501 502
501 614
501 874
502 509
502 534
502 572
502 740
503 523
503 540
503 560
503 571
503 576
503 764
503 868
504 505
504 523
504 536
504 552
504 575
504 600
504 606
505 507
505 538
505 574
505 594
505 864
506 560
506 568
507 515
507 521
507 557
507 558
507 587
507 595
508 510
508 538
508 546
508 621
509 567
510 513
510 514
511 526
511 543
511 582
511 605
511 956
512 579
512 608
512 660
512 743
513 514
513 532
513 566
513 763
514 584
515 542
515 590
515 600
515 831
516 599
516 611
516 780
517 542
517 553
517 557
517 603
517 605
517 620
518 563
518 616
519 524
519 540
519 562
519 575
519 581
519 598
519 676
520 551
521 605
521 839
522 614
522 617
523 593
523 697
523 879
523 904
524 558
524 592
524 607
525 549
525 608
525 621
525 865
526 534
526 536
526 552
526 617
526 622
526 926
527 535
527 587
527 602
528 559
528 595
528 619
529 839
530 583
530 588
530 594
530 675
531 539
531 582
531 615
531 638
531 865
532 574
532 579
532 584
532 638
533 624
534 544
534 610
534 661
535 572
535 587
535 619
535 735
536 703
537 556
537 585
537 611
538 552
538 560
538 567
538 620
539 583
539 628
539 758
540 586
540 610
540 713
540 777
541 551
541 605
542 560
542 563
542 571
542 594
542 607
542 616
542 621
542 815
542 970
543 608
543 622
544 709
545 570
545 720
546 557
546 583
546 613
546 983
547 592
547 726
548 581
548 620
548 625
549 594
549 605
550 563
550 591
550 623
550 885
551 596
551 607
551 623
551 648
552 594
552 748
552 842
553 596
553 603
554 565
554 581
554 587
554 705
555 569
555 572
555 604
556 557
556 590
556 905
557 587
557 603
558 565
558 581
558 601
558 622
558 624
558 756
559 570
559 597
559 620
559 933
560 563
560 602
560 604
560 998
562 566
562 588
562 813
562 866
563 618
563 622
563 833
564 572
564 613
564 617
565 601
565 764
567 611
567 613
567 614
568 572
569 595
569 604
569 616
570 596
570 610
571 573
571 610
571 617
571 865
572 577
572 580
572 603
572 610
573 582
573 588
573 596
574 582
576 582
576 594
576 606
576 808
577 622
578 659
578 989
579 1000
580 590
581 694
582 591
582 593
582 608
582 612
583 593
583 610
583 820
584 600
584 802
585 741
585 835
585 874
586 617
587 590
587 602
588 598
588 600
591 593
591 962
592 752
594 625
595 713
596 599
598 722
598 863
599 608
599 840
600 890
601 606
602 620
602 665
603 606
603 946
604 614
605 612
607 675
608 610
608 644
608 701
608 743
608 749
608 807
608 967
609 611
611 620
613 615
614 952
615 934
615 986
618 693
618 699
619 620
620 837
623 753
623 854
626 728
627 658
627 750
628 728
628 829
629 691
629 704
629 709
629 719
629 723
629 747
630 691
630 699
630 708
630 713
630 714
630 732
630 939
631 701
631 722
631 788
632 664
632 706
632 715
632 731
632 879
633 639
633 644
633 683
633 687
633 992
634 640
634 665
634 673
634 742
635 658
635 708
635 717
635 748
636 644
636 702
636 703
636 721
636 733
636 897
637 658
637 669
637 724
638 649
638 682
638 705
638 718
638 719
638 729
638 763
639 670
639 712
640 661
640 694
640 733
640 755
641 643
641 650
641 665
641 717
641 724
641 726
641 737
642 680
642 700
642 701
642 704
642 745
643 665
643 714
643 739
643 743
643 747
644 646
644 677
644 720
644 827
645 703
646 669
646 701
646 719
646 732
647 704
647 731
647 787
648 674
648 900
649 678
649 680
650 710
650 745
651 664
651 682
651 717
652 653
652 661
652 675
653 661
653 705
653 720
653 901
654 695
655 674
655 681
655 707
655 711
655 836
656 714
656 919
657 661
657 668
657 676
657 691
657 729
657 855
658 689
658 695
658 711
658 713
659 721
659 744
660 736
660 771
661 708
661 803
662 688
662 815
663 671
663 672
663 681
663 745
664 687
664 804
664 1000
665 703
665 800
666 683
667 950
668 795
668 890
669 724
669 750
670 687
670 690
670 703
671 745
671 752
671 863
672 684
672 707
672 961
673 688
673 702
673 949
674 677
674 714
674 741
675 699
675 727
675 965
676 691
676 698
676 711
676 732
676 747
676 787
677 689
677 693
678 688
678 696
678 743
679 709
679 742
680 832
680 848
682 732
683 714
685 699
686 701
686 707
686 745
687 698
687 710
687 722
687 723
688 690
688 694
688 906
689 969
690 719
690 750
691 725
691 862
693 696
694 705
694 741
694 747
695 722
695 733
695 740
697 724
697 958
698 700
698 745
699 723
699 730
699 742
699 827
700 732
700 739
700 741
700 747
700 799
700 851
701 742
701 792
701 887
704 743
705 712
706 716
706 717
706 749
707 739
711 712
711 714
711 736
712 722
712 950
712 956
713 720
713 748
713 749
715 735
715 756
716 742
717 737
717 799
717 931
718 748
721 735
722 723
722 743
723 744
725 750
725 896
725 922
726 729
727 945
729 760
731 747
731 889
732 872
732 922
733 746
734 742
735 737
736 831
737 741
738 746
739 749
740 825
741 748
741 871
743 921
744 815
745 748
745 961
747 823
748 755
748 913
751 760
751 780
751 820
751 846
751 870
751 975
751 983
752 764
752 768
752 793
752 804
752 827
752 857
753 767
753 802
753 825
753 833
753 848
753 852
754 775
754 836
755 822
755 834
755 835
755 844
755 860
755 866
756 781
756 792
756 811
757 768
757 825
757 846
757 875
758 827
758 842
758 886
759 821
759 865
760 763
760 811
761 774
761 790
761 796
761 804
761 842
761 849
761 857
761 865
762 775
762 787
762 802
762 848
762 868
763 791
763 870
763 874
764 865
764 952
765 778
765 789
765 821
765 866
766 780
766 792
766 806
767 770
767 788
767 855
768 804
769 804
769 832
770 796
770 827
770 959
771 784
771 903
772 873
773 779
773 792
773 845
773 863
774 798
774 866
774 873
775 784
775 785
775 787
775 810
775 828
775 837
775 857
776 785
776 788
776 862
776 865
776 896
777 829
777 830
777 857
777 870
777 872
777 988
778 790
778 810
778 860
778 916
779 800
779 813
779 819
779 875
780 811
780 893
781 790
781 807
781 821
781 824
782 834
782 863
783 835
783 859
784 829
784 841
784 858
784 910
785 813
785 843
786 840
786 866
787 804
787 817
787 865
788 861
788 866
788 873
788 946
789 826
789 847
789 884
790 809
790 847
790 856
790 868
791 809
791 853
791 866
791 871
792 796
792 812
792 857
793 794
793 874
794 796
795 842
795 943
796 810
796 822
796 823
796 827
796 832
796 857
796 869
796 872
797 815
798 854
798 867
798 868
799 856
800 830
800 836
800 843
801 819
801 826
801 849
801 887
804 847
805 843
805 845
805 875
806 826
806 831
806 839
806 841
806 848
806 854
808 822
808 844
808 989
809 898
810 819
810 840
810 865
811 820
811 839
811 909
811 919
812 842
812 873
813 838
814 851
814 866
814 869
816 837
816 849
816 851
817 847
818 840
818 847
818 859
818 864
819 853
819 857
821 920
823 844
825 826
826 861
827 833
827 837
827 853
828 838
828 858
828 962
829 837
829 867
830 835
830 841
833 952
834 840
834 843
835 866
835 914
836 889
837 854
837 864
837 869
839 853
839 857
841 846
842 851
843 969
844 858
844 877
844 983
845 867
845 868
846 861
851 875
853 859
854 865
854 868
859 971
862 875
862 881
870 970
875 915
876 893
876 902
876 926
876 954
877 879
877 912
877 918
877 942
878 879
878 896
878 956
878 995
878 997
879 919
879 930
879 935
879 947
879 963
880 919
880 929
881 996
882 885
882 943
882 951
882 978
883 892
883 906
883 924
883 962
883 977
883 984
883 993
884 969
884 978
884 987
885 896
885 898
885 905
885 943
885 957
885 974
885 997
886 901
886 931
886 972
887 914
887 915
887 923
887 942
887 978
887 993
888 912
888 920
888 955
888 968
888 969
888 970
888 974
888 979
889 975
889 985
890 962
890 970
891 941
891 968
891 977
892 905
892 911
892 930
892 997
893 902
893 914
893 939
893 941
893 1000
894 934
895 925
895 972
895 981
895 994
897 899
897 901
897 935
898 934
898 972
898 996
899 924
899 928
899 953
899 959
899 979
900 965
901 912
901 925
901 931
901 973
902 915
902 929
902 947
902 950
902 967
902 971
902 974
902 987
903 922
904 954
904 963
905 932
905 954
905 987
906 930
906 976
906 987
907 916
907 927
907 963
907 965
908 998
908 1000
909 916
909 923
909 925
909 993
910 934
910 953
911 939
911 979
911 996
912 914
912 999
913 955
914 917
915 937
915 971
916 976
917 918
918 965
918 991
919 966
920 926
920 943
920 951
920 970
921 924
921 997
922 933
922 950
922 991
922 997
923 935
923 958
923 986
924 934
924 964
924 978
924 999
925 953
925 989
925 997
926 975
926 990
927 936
927 974
927 980
928 975
929 933
929 992
930 994
931 970
932 936
932 937
932 964
932 971
933 981
937 954
937 973
937 997
938 949
938 961
938 968
938 978
939 972
941 966
941 974
941 987
943 944
943 950
943 979
943 994
944 946
944 975
945 949
945 974
945 997
946 963
946 979
948 969
949 971
949 979
949 982
950 997
951 980
952 970
952 985
952 988
952 994
953 988
955 985
957 990
958 969
958 991
959 999
961 992
962 966
963 995
964 989
964 998
965 977
966 975
968 991
969 974
969 977
971 998
977 984
977 1000
981 986
981 993
986 999
991 996
