1 115
2 50
2 53
2 64
2 75
2 108
2 124
2 222
2 434
2 656
3 35
3 84
3 748
4 65
4 103
4 574
5 51
5 86
5 95
5 102
5 113
5 117
5 988
6 41
6 49
6 112
6 347
7 12
7 62
7 94
7 116
7 385
8 14
8 68
8 137
9 58
9 115
9 942
10 40
10 79
10 101
10 117
10 138
10 289
10 618
11 25
11 39
11 306
11 506
11 668
11 754
12 25
12 83
12 102
12 107
12 155
13 112
13 124
14 72
14 100
14 110
14 734
15 161
16 22
16 80
17 40
17 41
17 96
18 45
18 49
18 52
18 60
18 107
18 112
18 796
19 106
19 118
19 122
20 109
20 110
20 233
21 35
21 59
21 72
21 78
21 116
21 127
21 788
22 34
22 36
22 75
22 116
23 63
23 101
24 28
24 29
24 30
24 53
24 57
24 87
24 93
24 103
24 280
24 676
25 123
25 434
26 27
26 62
26 76
26 222
26 261
27 63
27 68
27 75
27 93
27 107
27 120
27 634
28 57
28 410
28 501
28 777
29 68
29 103
29 619
30 409
31 38
31 43
31 86
31 93
32 678
32 767
32 908
33 47
33 60
33 87
33 96
34 68
34 86
34 95
34 123
34 580
34 604
35 55
35 56
35 863
35 978
36 46
36 74
36 93
36 122
36 529
37 42
37 45
37 120
37 295
37 650
37 870
38 54
38 60
38 76
38 110
38 694
39 51
39 61
39 81
39 96
39 109
39 117
39 123
39 526
39 615
39 846
40 82
41 77
41 81
41 114
41 249
41 311
41 377
42 108
42 917
43 65
43 111
43 127
43 507
43 688
44 90
44 112
44 120
44 494
44 927
45 101
45 108
45 361
45 505
45 680
45 849
46 102
46 533
46 544
46 805
47 69
47 793
47 856
47 933
48 86
48 102
48 120
48 123
48 354
48 450
49 52
49 369
50 78
51 95
51 123
51 124
52 311
52 509
52 791
54 101
54 105
54 286
54 296
55 89
55 95
56 78
56 116
56 150
56 210
56 511
56 750
57 108
58 89
58 95
58 222
58 903
59 61
59 90
59 96
59 102
59 752
59 891
60 73
60 105
60 359
61 67
61 71
61 106
61 181
61 688
61 875
62 263
62 411
62 658
62 740
63 86
63 105
63 116
63 725
64 112
64 113
64 291
64 663
65 68
65 402
66 74
66 235
67 115
67 979
69 87
69 111
69 490
69 580
69 783
70 417
70 471
70 499
71 910
72 157
72 591
72 628
73 90
74 121
74 292
75 93
75 579
76 93
76 559
76 706
77 330
77 887
78 93
78 121
78 626
79 413
80 87
80 114
80 120
80 615
80 754
80 913
81 118
81 492
82 121
82 680
82 764
83 116
83 195
83 537
83 693
84 115
84 123
84 511
84 897
85 104
85 356
86 123
86 196
86 859
87 95
87 122
87 597
88 96
88 728
88 748
89 886
89 900
90 117
90 123
90 573
90 811
90 829
91 94
91 342
91 358
92 879
93 104
93 110
93 229
93 514
93 743
94 121
94 123
94 252
94 285
94 375
95 261
95 778
96 108
96 121
96 122
96 699
96 728
96 900
97 600
97 618
98 123
98 502
98 809
98 895
100 107
100 617
100 872
101 114
101 477
101 566
102 163
102 285
102 904
103 117
103 484
104 152
104 436
104 522
105 120
105 124
105 307
105 796
107 186
108 117
109 727
110 635
110 787
112 116
112 123
112 135
114 125
115 145
115 482
116 269
116 785
117 747
119 674
122 920
122 925
123 124
123 487
123 844
124 449
124 642
126 366
126 553
126 668
126 962
127 152
127 241
127 561
127 856
128 140
128 148
128 200
128 216
128 235
128 250
129 140
129 165
129 230
129 903
130 142
130 215
130 221
130 234
130 283
130 426
130 815
131 135
131 171
131 231
131 248
132 140
132 143
132 184
132 343
133 184
133 271
133 300
134 201
134 222
134 230
134 240
135 141
135 169
135 222
135 382
135 396
135 574
135 767
136 172
136 192
136 239
136 246
136 433
136 484
137 168
137 243
137 960
139 152
139 229
139 594
140 161
140 170
140 178
140 181
140 199
140 815
141 153
141 250
141 412
141 607
142 153
142 166
142 236
142 240
142 344
142 369
142 710
142 832
143 440
144 154
144 195
144 205
145 156
145 185
145 208
145 210
145 232
146 171
146 180
146 215
146 234
146 267
147 188
147 211
147 356
147 686
148 180
148 452
149 152
149 168
149 193
149 194
149 217
149 221
149 230
150 167
150 182
150 225
150 232
150 240
150 306
150 460
150 650
151 185
151 207
151 210
151 248
151 392
151 693
152 165
152 198
152 210
152 212
152 220
152 483
152 554
152 664
153 166
153 511
153 800
154 165
154 189
154 209
154 232
154 706
155 182
155 190
155 382
155 507
155 862
156 244
156 447
156 527
156 761
157 211
157 231
157 787
157 802
159 162
159 183
159 242
160 195
160 205
160 207
160 222
160 229
161 867
162 189
162 241
162 704
162 728
163 240
163 241
163 250
163 257
163 730
164 184
164 191
164 194
165 183
165 184
165 244
165 560
165 602
166 171
166 211
167 175
167 221
167 229
167 230
167 233
168 182
168 211
169 178
169 270
170 229
171 237
171 240
171 381
171 548
172 222
172 721
173 196
173 205
173 215
174 179
174 234
174 518
174 679
175 182
175 222
175 241
175 247
175 441
175 729
175 820
176 357
177 214
177 276
178 182
178 184
178 247
178 983
179 248
180 201
180 212
180 239
180 700
180 729
180 801
181 222
181 244
182 925
183 191
183 346
183 350
183 979
184 196
184 211
184 217
184 693
184 872
185 209
185 234
186 209
186 355
186 925
187 212
187 237
187 253
187 270
187 811
188 223
188 428
189 203
189 213
189 273
189 553
190 198
190 352
190 608
190 786
191 212
191 223
192 218
193 222
193 223
193 243
193 586
193 714
193 717
194 209
194 591
195 245
195 789
196 213
196 214
196 216
196 221
196 227
196 250
196 280
197 452
198 224
198 235
198 419
198 977
199 210
199 229
199 307
200 222
200 745
201 225
202 210
202 222
202 225
202 871
203 210
203 758
204 207
204 225
204 799
205 218
206 209
206 218
206 227
206 229
206 245
206 250
206 525
207 749
207 869
208 246
208 303
208 371
208 942
209 982
210 237
211 215
211 224
212 315
212 954
213 216
213 224
213 674
213 919
214 238
214 372
214 687
214 808
216 217
216 238
217 244
218 248
218 943
219 234
219 239
220 244
221 909
223 464
223 489
224 229
224 501
225 246
227 244
227 416
227 515
227 570
227 578
227 843
228 242
228 244
228 833
229 277
229 648
230 250
230 532
230 579
230 918
230 998
234 433
234 620
235 378
235 649
236 244
237 862
238 899
239 245
240 691
240 823
241 644
241 781
242 351
242 363
242 823
243 589
243 822
244 902
246 296
246 976
248 898
248 1000
251 258
251 263
251 347
251 406
251 697
251 744
252 275
252 364
252 449
253 296
254 272
254 290
254 311
254 318
255 257
255 280
255 281
255 293
255 319
255 337
255 741
255 857
256 269
256 311
256 312
256 316
256 760
257 327
257 350
257 369
257 370
258 264
258 300
258 580
258 605
258 797
259 287
259 412
259 661
260 279
260 286
260 288
260 290
260 316
260 338
260 416
260 979
261 303
261 327
261 372
261 469
261 501
261 597
261 696
262 328
262 334
263 281
263 397
263 517
263 671
264 279
264 293
264 343
264 348
264 357
264 371
265 306
266 293
266 325
266 344
267 269
267 310
267 365
267 370
267 849
268 278
268 285
268 288
268 308
268 322
268 332
268 335
269 286
269 329
269 346
270 305
270 333
270 337
270 368
271 803
272 277
272 283
272 287
272 288
272 356
272 357
272 364
272 367
272 483
272 627
272 635
272 755
273 284
273 358
273 363
273 364
273 367
273 394
273 673
273 778
274 299
274 389
274 855
275 303
275 312
275 313
275 326
275 334
275 918
276 300
276 301
276 361
276 633
276 674
276 774
277 291
277 331
277 345
277 364
277 374
277 556
278 317
278 351
278 362
278 496
279 423
279 970
280 344
280 409
280 662
281 290
281 311
281 373
281 402
281 817
282 295
282 319
282 785
283 317
283 321
283 322
283 340
283 366
283 655
283 830
284 360
284 371
285 309
285 353
285 365
286 302
286 343
287 313
287 335
287 362
288 321
288 348
288 397
288 504
288 568
289 301
289 372
290 304
290 355
290 504
291 319
291 329
291 370
291 814
292 296
292 355
293 335
293 545
293 610
294 338
294 747
295 368
295 438
295 583
295 685
295 866
296 495
296 537
296 571
296 989
297 299
297 337
297 358
297 363
297 369
298 319
298 366
298 498
298 609
298 804
299 309
299 312
299 315
299 368
299 649
299 944
300 326
300 428
300 764
301 338
301 365
301 676
301 787
302 306
302 357
303 304
303 337
303 355
304 308
304 309
304 361
304 370
304 691
305 432
306 323
306 334
306 364
307 320
307 374
307 474
307 701
308 920
309 336
310 352
310 821
311 366
311 990
312 318
312 335
312 353
312 355
312 363
312 370
313 376
314 316
314 796
314 940
315 326
316 325
316 341
316 846
317 330
317 344
317 663
318 342
318 583
318 609
319 364
320 364
320 458
321 363
322 358
322 780
322 891
322 910
322 924
323 346
323 354
323 362
323 364
323 579
323 684
324 356
324 372
324 714
325 326
325 362
326 346
326 364
327 338
327 344
327 374
327 550
327 718
328 345
328 346
328 359
329 659
331 333
331 337
331 431
332 352
332 364
332 378
332 727
333 632
333 753
334 337
334 528
335 885
337 360
337 367
337 372
337 673
338 898
339 346
339 349
339 545
339 663
340 525
342 498
342 822
342 838
342 890
343 346
343 359
343 363
344 359
344 661
344 826
345 527
347 577
348 360
350 364
351 352
351 779
353 361
353 363
353 791
354 703
354 980
355 633
355 905
356 359
357 364
358 364
358 530
358 687
359 374
359 903
360 698
361 738
362 376
362 537
362 744
362 956
363 366
364 811
365 430
365 664
366 536
366 570
367 369
367 726
368 551
369 778
369 808
370 622
370 753
372 593
373 678
373 890
374 602
374 781
375 548
375 629
375 765
376 388
376 395
376 659
377 409
377 431
377 432
377 456
377 483
377 615
377 627
377 835
377 908
378 379
378 403
378 411
378 433
378 456
378 459
378 471
378 492
378 530
379 389
379 399
379 410
379 416
379 439
379 445
379 651
379 848
380 428
380 445
380 454
380 478
380 833
381 408
381 411
381 417
381 436
381 466
381 467
382 465
382 489
382 492
383 394
383 421
383 451
383 475
383 490
383 647
384 457
384 467
384 488
384 709
384 796
384 804
384 848
385 441
385 488
385 780
386 400
386 411
386 432
386 460
386 471
387 492
387 496
387 647
388 443
388 463
388 485
388 494
388 740
389 403
389 444
389 978
390 397
390 680
391 419
391 440
391 491
392 417
392 468
392 473
392 481
392 900
393 492
393 493
393 494
394 438
394 446
394 524
395 404
395 430
395 433
395 443
395 460
395 481
395 949
396 397
396 490
396 794
397 422
397 491
397 495
397 741
398 423
398 431
398 477
398 480
398 493
398 494
398 628
398 782
398 983
399 500
401 445
401 460
401 474
401 489
401 678
401 953
402 422
402 432
403 413
403 420
403 434
403 446
403 468
405 490
406 409
406 415
406 436
406 443
406 496
406 498
406 666
407 421
407 482
407 495
408 449
408 496
409 442
409 460
409 474
409 498
409 643
409 950
410 415
411 648
412 474
412 499
412 796
413 427
413 438
413 633
414 418
414 450
414 460
414 486
414 830
415 431
415 538
416 418
416 446
416 459
416 605
418 440
418 622
419 449
419 467
419 494
419 691
420 435
420 473
420 674
421 447
421 470
421 942
422 441
422 456
422 473
422 748
422 790
423 436
423 443
423 470
423 472
424 463
424 492
424 986
425 427
425 465
425 498
425 643
425 649
425 857
425 963
426 445
426 462
426 468
426 510
426 925
427 434
427 446
427 464
427 477
427 504
427 882
427 950
428 476
428 493
428 679
429 448
429 474
429 631
430 858
430 906
431 434
431 451
431 458
432 792
433 441
433 451
433 491
433 623
433 671
434 468
434 765
434 993
435 510
435 751
436 461
436 481
436 484
436 499
436 709
438 464
438 473
438 653
439 462
439 487
439 503
439 532
440 548
440 822
440 923
440 951
441 458
441 496
441 625
441 812
441 893
442 514
443 456
444 524
444 791
444 837
445 930
446 453
446 455
446 498
447 489
447 497
447 689
448 456
448 463
448 478
448 483
448 486
449 482
449 496
450 453
451 487
451 960
452 464
452 490
453 488
453 766
454 563
455 470
455 573
456 467
456 480
456 483
456 484
456 980
457 461
458 482
458 485
458 729
459 483
459 652
459 664
460 468
461 473
461 483
461 498
461 781
462 463
462 477
462 492
462 654
462 743
462 759
463 470
463 687
463 940
464 474
464 482
464 803
465 492
465 634
465 911
466 481
466 491
466 493
467 480
467 633
468 476
468 489
469 498
469 814
470 471
470 478
471 490
471 513
471 911
472 474
472 475
472 488
474 487
474 644
475 479
475 611
475 668
476 491
476 525
476 612
476 671
476 676
476 759
476 814
477 483
477 492
477 496
478 490
478 796
479 505
480 548
481 486
481 493
482 488
482 895
483 945
484 926
485 759
486 883
487 500
487 628
487 698
488 497
488 510
489 668
490 499
490 608
490 681
490 967
491 828
491 982
492 731
495 610
499 700
501 574
501 579
501 604
501 901
502 554
503 554
503 808
504 517
504 578
505 561
505 598
505 599
505 602
505 641
505 672
506 539
506 589
506 619
506 871
507 509
507 518
507 536
507 539
507 879
507 999
508 565
508 577
508 596
509 516
509 555
509 595
510 540
510 675
510 724
510 870
511 519
511 528
511 545
511 599
511 731
511 749
512 576
512 588
512 598
512 612
512 624
512 745
513 517
514 531
514 533
514 541
514 598
514 610
514 622
514 956
515 541
516 584
516 608
517 551
517 594
517 771
517 883
518 572
519 725
520 522
520 579
520 589
521 535
521 554
521 697
522 559
523 524
523 875
523 885
523 991
524 529
524 569
524 595
525 527
525 574
525 613
526 552
526 566
526 609
527 535
527 547
527 578
527 611
527 961
528 541
528 573
528 592
528 700
528 775
529 543
529 595
529 597
530 605
530 611
530 822
531 551
531 624
531 813
532 659
532 929
533 574
533 585
533 599
533 606
533 701
533 995
534 542
534 695
534 936
535 579
535 675
536 546
536 921
537 586
537 594
537 604
537 608
537 613
537 625
537 943
538 656
539 597
539 625
540 558
540 562
540 601
541 543
541 551
541 563
541 582
542 571
542 607
542 620
542 911
542 977
543 576
543 591
543 599
543 604
543 616
543 953
544 554
544 573
544 581
544 584
544 607
544 742
545 568
545 610
545 816
545 900
546 598
546 607
546 692
546 845
547 698
547 788
548 625
548 888
548 898
549 570
550 556
550 573
551 557
551 598
552 556
552 557
552 583
552 731
552 875
553 728
553 868
554 594
555 568
555 570
555 589
555 619
555 683
556 580
556 601
556 625
556 749
559 566
559 580
559 624
559 945
560 561
560 565
560 603
561 827
562 563
562 603
562 739
563 570
564 615
564 623
564 838
564 872
565 575
565 591
565 598
565 871
566 571
566 777
567 604
568 580
568 664
569 588
569 596
569 611
569 894
570 625
570 697
571 594
571 600
572 799
572 837
573 584
573 590
573 595
573 617
573 744
573 886
573 979
574 602
576 587
576 588
576 593
576 601
576 625
576 757
577 581
577 583
577 891
578 596
578 597
580 591
581 968
582 832
583 590
583 598
583 620
584 829
585 587
585 593
585 715
586 705
586 852
587 589
587 620
588 681
589 593
589 739
590 639
591 606
592 594
594 599
594 685
595 615
595 954
596 602
596 603
596 605
596 611
596 765
597 905
599 981
601 603
603 845
605 615
606 611
607 608
611 642
612 664
612 690
616 641
617 621
617 889
618 619
618 985
619 931
621 844
621 999
622 662
622 768
626 644
626 688
627 634
627 814
628 638
628 642
628 663
628 685
628 686
629 670
629 747
630 635
630 684
630 730
630 783
630 986
631 682
631 695
631 704
632 642
632 668
632 670
632 813
633 688
635 685
635 713
635 721
635 724
635 729
635 747
636 639
636 664
636 671
637 651
637 654
637 682
637 725
637 726
637 739
638 640
638 687
638 699
638 714
638 715
638 733
638 743
638 931
639 657
639 673
639 738
639 813
640 749
641 657
641 669
641 692
641 700
641 747
642 687
642 714
642 736
642 739
643 681
643 693
643 711
643 720
644 689
644 742
644 794
645 656
646 690
646 723
647 660
647 677
647 701
647 728
647 893
647 937
648 685
648 694
648 728
649 653
649 681
649 684
649 690
649 745
649 977
649 979
649 988
650 689
650 774
651 658
651 679
651 682
651 691
651 726
651 727
651 736
652 680
652 715
652 741
653 672
653 673
653 677
653 682
653 731
653 956
654 720
654 739
655 659
655 704
655 708
655 756
655 992
656 680
656 684
656 694
656 748
656 884
656 935
657 707
657 715
657 731
658 660
658 705
658 711
659 669
659 692
659 842
659 898
660 673
660 692
660 710
660 726
660 954
661 747
662 672
662 723
662 906
663 695
663 732
664 983
665 679
665 732
665 855
666 668
666 707
666 744
666 770
667 738
668 674
668 738
668 739
669 729
669 743
670 685
670 703
670 910
670 965
671 681
671 743
672 720
672 739
674 680
674 839
674 906
675 682
675 714
675 722
676 716
676 722
676 734
676 739
677 993
678 684
678 731
678 739
679 699
679 737
680 711
681 682
681 729
681 741
682 693
683 711
684 693
684 732
684 738
685 687
685 692
685 693
685 724
685 736
685 737
686 694
686 720
686 743
687 709
687 721
687 731
687 746
688 714
688 722
688 731
688 953
689 693
689 729
689 733
689 735
690 716
690 739
691 718
691 749
692 746
693 705
693 718
693 839
694 698
694 708
694 734
695 702
695 741
695 746
696 702
696 728
696 729
697 708
697 725
697 748
698 711
698 719
698 750
699 716
699 791
701 712
702 740
703 712
703 714
703 718
705 815
706 712
706 719
706 740
706 927
706 975
707 730
707 740
708 715
708 863
709 720
709 742
709 967
712 717
715 721
716 728
716 747
717 862
717 967
719 749
722 728
722 745
722 991
723 747
723 767
723 826
727 739
728 958
730 750
731 732
731 742
733 737
734 737
734 825
735 741
735 744
736 747
736 908
736 991
739 743
741 745
744 908
748 994
751 760
751 766
751 809
751 865
752 801
752 838
753 766
753 785
753 836
754 801
754 862
754 953
755 770
756 765
756 788
756 822
756 940
757 849
757 902
758 760
758 789
758 841
759 775
759 806
759 849
759 852
760 779
760 818
760 856
760 863
760 947
761 775
761 785
761 825
762 794
762 829
762 840
762 866
763 796
763 804
763 810
763 840
763 842
763 857
763 922
764 773
764 839
764 863
764 869
765 793
765 818
765 848
766 789
766 852
767 800
767 861
767 863
768 777
768 778
768 873
768 902
769 778
769 817
770 858
771 817
772 786
772 792
772 801
772 816
772 838
772 852
773 822
774 833
775 783
775 832
775 838
776 829
776 855
776 865
777 786
777 818
777 868
778 801
778 842
778 861
779 787
779 789
779 834
779 871
780 789
780 840
780 848
781 820
781 835
781 846
781 847
781 873
781 888
783 832
783 843
783 855
783 873
784 819
785 802
785 807
785 831
785 838
785 844
786 841
787 804
787 825
788 800
788 803
788 814
788 835
788 854
788 869
789 803
789 805
789 854
789 857
790 822
790 832
790 850
790 875
791 830
791 835
791 869
792 841
793 847
794 830
794 859
795 836
795 873
795 975
796 803
796 815
796 816
796 858
797 843
797 867
799 815
799 832
799 869
800 867
801 853
801 855
801 870
802 860
803 859
803 868
803 872
804 824
805 807
805 866
806 862
807 818
807 838
807 846
808 816
808 858
808 859
809 853
809 942
810 814
810 840
810 846
811 854
812 827
813 819
813 852
813 858
813 993
814 823
814 866
815 845
815 982
816 817
816 834
816 845
816 852
816 857
817 865
818 832
818 836
819 858
820 865
821 825
821 832
822 835
822 853
824 843
825 873
826 839
826 856
827 851
829 875
830 870
830 892
832 849
832 856
832 918
832 965
833 835
833 845
833 848
833 849
834 854
835 842
835 851
835 985
837 873
838 867
839 841
839 844
839 847
839 858
839 868
841 873
842 844
843 865
845 882
845 994
849 866
849 961
850 870
851 860
851 868
853 866
853 964
856 859
858 871
862 870
862 871
863 864
868 870
874 951
876 933
876 940
877 919
877 926
877 963
877 968
877 972
877 991
878 966
879 910
879 964
879 984
880 933
880 940
880 974
880 977
881 891
881 918
881 919
881 941
881 961
881 974
881 1000
882 958
883 910
883 926
883 935
883 958
883 995
884 890
884 986
884 993
885 901
885 909
885 988
886 917
886 925
887 891
887 902
887 917
887 949
887 966
888 961
888 982
889 934
889 936
889 962
889 972
890 917
890 960
890 976
890 978
891 909
892 953
893 905
893 929
893 990
894 906
894 927
894 933
894 977
894 989
895 902
895 919
895 978
896 907
896 925
896 928
896 986
896 988
896 997
897 914
898 900
898 927
899 917
899 946
899 977
899 983
899 984
899 996
900 931
900 934
900 941
900 1000
901 912
901 915
901 918
901 929
901 940
901 994
902 910
902 958
904 922
904 998
905 986
905 995
906 940
906 945
906 998
907 920
907 968
907 974
908 912
908 978
909 958
909 970
909 995
910 915
910 928
910 938
910 944
911 923
911 928
911 933
911 939
911 953
912 920
912 930
912 947
912 952
912 957
913 973
914 918
914 924
914 948
914 997
915 970
915 994
916 936
916 957
917 939
917 945
917 955
917 967
918 946
918 976
918 982
919 961
919 974
919 985
920 948
921 928
921 952
921 970
922 953
922 963
923 997
924 936
924 972
924 981
924 989
925 958
926 938
926 969
926 970
928 987
930 950
930 957
930 984
932 942
932 961
933 948
933 983
934 935
934 944
934 945
934 952
934 953
934 957
935 977
936 951
936 954
936 974
936 994
937 943
937 987
937 990
937 997
938 949
938 957
939 970
939 1000
940 966
940 1000
941 946
941 951
941 968
941 980
941 986
943 946
943 957
943 963
943 988
944 960
944 975
948 982
949 956
949 972
949 995
950 970
952 974
952 987
954 963
955 996
956 993
957 959
957 979
960 987
961 986
961 987
961 992
961 998
962 997
964 978
968 983
968 993
970 987
974 980
975 976
975 978
976 993
977 1000
978 1000
979 985
984 994
989 992
